16700440 38 43 15119
16700440 38 43 15119
16700460 38 43 15124
16700460 38 43 15120
16700480 38 43 15113
16700500 38 43 15107
16700530 38 43 15124
16700530 38 43 15120
16700550 38 43 15128
16700550 38 43 15126
16700570 38 43 15123
16700590 38 43 15106
16700620 38 43 15107
16700620 38 43 15112
16700640 38 43 15123
16700640 38 43 15115
16700670 38 43 15123
16700670 38 43 15121
16700690 38 43 15113
16700710 38 43 15100
16700740 38 44 15099
16700740 38 44 15094
16700760 38 43 15105
16700760 38 43 15108
16700780 38 43 15105
16700800 38 43 15109
16700820 38 43 15110
16700820 38 43 15104
16700850 38 43 15105
16700850 38 43 15107
16700870 38 43 15107
16700870 38 43 15102
16700890 38 43 15135
16700910 38 43 15111
16700940 38 43 15110
16700940 38 43 15111
16700960 38 43 15125
16700960 38 43 15134
16700980 38 43 15122
16701000 38 43 15119
16701020 38 43 15120
16701020 38 43 15123
16701050 38 43 15125
16701050 38 43 15118
16701070 38 43 15127
16701070 38 43 15112
16701090 38 43 15119
16701110 38 43 15125
16701140 38 43 15113
16701140 38 44 15109
16701170 38 43 15108
16701170 38 43 15103
16701180 38 43 15101
16701210 38 43 15100
16701230 38 43 15092
16701230 38 43 15086
16701260 38 43 15105
16701260 38 43 15112
16701280 38 43 15099
16701280 38 43 15110
16701300 38 43 15105
16701320 38 43 15087
16701350 38 43 15103
16701350 38 43 15120
16701370 38 43 15123
16701370 38 43 15113
16701390 38 43 15101
16701410 38 43 15110
16701430 38 43 15108
16701430 38 43 15107
16701460 38 43 15100
16701460 38 44 15115
16701480 38 44 15110
16701480 38 44 15104
16701500 38 44 15110
16701520 38 44 15117
16701550 38 44 15110
16701550 38 44 15110
16701570 38 44 15106
16701570 38 44 15119
16701590 38 44 15118
16701610 38 43 15123
16701630 38 43 15115
16701630 38 43 15102
16701660 38 43 15103
16701660 38 43 15121
16701680 38 43 15100
16701680 38 44 15116
16701710 38 44 15117
16701730 38 44 15120
16701750 38 44 15120
16701750 38 44 15121
16701780 38 44 15120
16701780 38 44 15121
16701800 38 43 15107
16701820 38 43 15137
16701840 38 43 15108
16701840 38 43 15099
16701870 38 43 15097
16701870 38 43 15104
16701890 38 43 15113
16701890 38 43 15114
16701910 38 43 15110
16701930 38 43 15122
16701960 38 43 15118
16701960 38 43 15124
16701980 38 43 15131
16701980 38 43 15123
16702000 38 43 15118
16702020 38 43 15110
16702040 38 43 15107
16702040 38 43 15109
16702070 38 43 15118
16702070 38 43 15096
16702090 38 43 15101
16702090 38 43 15106
16702110 38 43 15105
16702130 38 43 15095
16702160 38 43 15101
16702160 38 43 15107
16702180 38 43 15090
16702180 38 43 15101
16702200 38 43 15122
16702220 38 43 15120
16702250 38 43 15113
16702250 38 43 15114
16702270 38 43 15108
16702270 38 43 15116
16702290 38 43 15117
16702290 38 43 15108
16702320 38 43 15117
16702340 38 43 15115
16702370 38 43 15127
16702370 38 43 15125
16702390 38 43 15120
16702390 38 43 15123
16702410 38 43 15122
16702430 38 43 15110
16702450 38 43 15125
16702450 38 43 15117
16702480 38 43 15119
16702480 38 43 15119
16702500 38 43 15129
16702520 38 43 15106
16702540 38 43 15105
16702570 38 43 15119
16702570 38 43 15114
16702590 38 43 15116
16702590 38 43 15125
16702610 38 43 15111
16702630 38 43 15132
16702650 38 43 15137
16702650 38 43 15154
16702680 38 43 15148
16702680 38 43 15130
16702700 38 43 15130
16702700 38 43 15128
16702720 38 43 15129
16702740 38 43 15138
16702770 38 43 15128
16702770 38 43 15143
16702790 38 43 15136
16702790 38 43 15132
16702820 38 43 15137
16702830 38 43 15127
16702860 38 43 15120
16702860 38 43 15119
16702890 38 43 15131
16702890 38 43 15116
16702910 38 43 15110
16702930 38 43 15134
16702950 38 43 15109
16702980 38 43 15117
16702980 38 43 15111
16703000 38 43 15114
16703000 38 43 15110
16703020 38 43 15123
16703040 38 43 15109
16703060 38 43 15107
16703060 38 43 15118
16703090 38 43 15102
16703090 38 43 15105
16703110 38 43 15109
16703110 38 43 15106
16703130 38 43 15109
16703150 38 43 15119
16703180 38 43 15118
16703180 38 43 15107
16703200 38 43 15108
16703200 38 43 15107
16703220 38 44 15106
16703240 38 43 15105
16703260 38 43 15116
16703260 38 43 15116
16703290 38 43 15085
16703290 38 43 15107
16703310 38 43 15113
16703310 38 43 15122
16703330 38 43 15107
16703360 38 43 15098
16703380 38 43 15096
16703380 38 43 15098
16703400 38 44 15105
16703400 38 44 15108
16703430 38 44 15134
16703450 38 43 15116
16703470 38 43 15112
16703470 38 44 15119
16703500 38 44 15117
16703500 38 44 15120
16703520 38 44 15110
16703520 38 44 15108
16703540 38 43 15094
16703560 38 43 15104
16703590 38 43 15102
16703590 38 43 15105
16703610 38 43 15105
16703610 38 43 15103
16703630 38 43 15096
16703650 38 43 15108
16703670 38 43 15104
16703670 38 43 15107
16703700 38 43 15100
16703700 38 43 15114
16703720 38 43 15113
16703720 38 43 15104
16703740 38 43 15107
16703760 38 43 15110
16703790 38 43 15115
16703790 38 43 15107
16703810 38 43 15115
16703810 38 43 15121
16703830 38 43 15106
16703850 38 43 15122
16703870 38 43 15115
16703870 38 43 15110
16703900 38 44 15109
16703900 38 43 15114
16703920 38 43 15101
16703920 38 43 15111
16703940 38 43 15121
16703970 38 43 15107
16704000 38 43 15111
16704000 38 43 15104
16704020 38 43 15104
16704020 38 43 15101
16704040 38 43 15097
16704060 38 43 15099
16704080 38 43 15100
16704080 38 43 15104
16704110 38 43 15109
16704110 38 43 15108
16704130 38 43 15111
16704130 38 43 15101
16704150 38 43 15116
16704170 38 43 15106
16704200 38 44 15122
16704200 38 43 15120
16704220 38 43 15119
16704220 38 43 15112
16704240 38 43 15116
16704260 38 43 15109
16704280 38 43 15103
16704280 38 43 15108
16704310 38 43 15102
16704310 38 43 15124
16704330 38 43 15114
16704330 38 43 15109
16704350 38 43 15119
16704370 38 43 15123
16704400 38 43 15116
16704400 38 43 15119
16704420 38 43 15124
16704420 38 43 15110
16704440 38 43 15106
16704460 38 43 15101
16704480 38 43 15104
16704480 38 43 15093
16704520 38 43 15100
16704520 38 43 15105
16704540 38 43 15109
16704540 38 43 15092
16704560 38 43 15099
16704580 38 43 15109
16704610 38 43 15098
16704610 38 43 15124
16704630 38 43 15110
16704630 38 43 15107
16704650 38 43 15108
16704670 38 43 15112
16704690 38 43 15111
16704690 38 43 15116
16704720 38 43 15107
16704720 38 43 15107
16704740 38 43 15096
16704740 38 43 15105
16704760 38 43 15113
16704780 38 43 15110
16704810 38 43 15104
16704810 38 43 15101
16704830 38 43 15105
16704830 38 43 15112
16704850 38 43 15107
16704870 38 43 15129
16704890 38 43 15108
16704890 38 43 15111
16704920 38 43 15117
16704920 38 43 15104
16704940 38 43 15111
16704940 38 43 15125
16704960 38 43 15106
16704980 38 43 15101
16705010 38 43 15109
16705010 38 43 15122
16705030 38 43 15114
16705030 38 43 15117
16705050 38 43 15118
16705080 38 43 15114
16705100 38 43 15110
16705100 38 43 15126
16705130 38 43 15122
16705130 38 43 15101
16705150 38 43 15098
16705150 38 43 15106
16705170 38 43 15094
16705190 38 43 15110
16705220 38 43 15109
16705220 38 43 15108
16705240 38 43 15102
16705240 38 43 15103
16705260 38 43 15122
16705280 38 43 15127
16705300 38 43 15129
16705300 38 43 15138
16705330 38 43 15129
16705330 38 43 15118
16705350 38 43 15121
16705350 38 43 15123
16705370 38 43 15126
16705390 38 43 15125
16705420 38 43 15131
16705420 38 43 15143
16705440 38 43 15129
16705440 38 43 15129
16705460 38 43 15107
16705480 38 43 15120
16705500 38 43 15133
16705500 38 43 15126
16705530 38 43 15132
16705530 38 43 15123
16705550 38 43 15115
16705550 38 43 15120
16705570 38 43 15111
16705590 38 43 15110
16705620 38 43 15113
16705620 38 43 15114
16705650 38 43 15112
16705650 38 43 15106
16705670 38 43 15123
16705690 38 43 15117
16705710 38 43 15107
16705710 38 43 15101
16705740 38 44 15114
16705740 38 44 15098
16705760 38 44 15095
16705760 38 44 15123
16705780 38 43 15099
16705800 38 43 15104
16705830 38 43 15116
16705830 38 43 15118
16705850 38 43 15112
16705850 38 43 15108
16705870 38 43 15135
16705890 38 43 15119
16705910 38 43 15139
16705910 38 43 15131
16705940 38 43 15123
16705940 38 43 15128
16705960 38 43 15128
16705960 38 43 15125
16705980 38 43 15120
16706000 38 43 15127
16706030 38 43 15117
16706030 38 43 15123
16706050 38 43 15111
16706050 38 43 15118
16706070 38 43 15118
16706090 38 43 15123
16706110 38 43 15123
16706110 38 43 15123
16706140 38 43 15132
16706140 38 43 15114
16706160 38 43 15126
16706160 38 43 15130
16706180 38 43 15121
16706210 38 43 15124
16706240 38 43 15115
16706240 38 43 15119
16706260 38 43 15117
16706260 38 43 15135
16706280 38 43 15124
16706300 38 43 15120
16706320 38 43 15117
16706320 38 43 15123
16706350 38 43 15129
16706350 38 43 15130
16706370 38 43 15125
16706370 38 43 15121
16706390 38 43 15134
16706410 38 43 15133
16706440 38 43 15144
16706440 38 43 15134
16706460 38 43 15137
16706460 38 43 15138
16706480 38 43 15129
16706500 38 43 15144
16706520 38 43 15138
16706520 38 43 15137
16706550 38 43 15142
16706550 38 43 15150
16706570 38 43 15151
16706570 38 43 15145
16706590 38 43 15136
16706610 38 43 15141
16706640 38 43 15144
16706640 38 43 15089
16706660 38 43 15007
16706660 38 43 14875
16706680 38 43 14482
16706700 20 42 14065
16706720 20 40 13402
16706730 20 38 13465
16706760 20 36 13603
16706760 20 35 13471
16706780 20 34 13530
16706780 20 32 13936
16706800 20 22 1522
16706820 20 19 1617
16706850 38 16 1686
16706850 38 16 1724
16706870 38 15 1756
16706870 38 14 1786
16706890 38 13 1846
16706910 38 13 1905
16706930 38 13 1951
16706930 38 13 1976
16706960 38 12 1992
16706960 38 12 2002
16706980 38 12 2011
16706980 38 13 2024
16707000 38 12 2046
16707020 20 13 2066
16707050 20 13 2072
16707050 20 12 2066
16707070 20 12 2071
16707070 20 13 2071
16707090 20 12 2072
16707110 20 13 2082
16707130 20 13 2078
16707130 20 12 2069
16707160 20 12 2071
16707160 20 13 2077
16707180 20 13 2074
16707180 20 13 2078
16707200 20 13 2076
16707220 20 12 2069
16707250 20 13 2073
16707250 20 13 2063
16707270 20 12 2064
16707270 20 12 2067
16707290 20 13 2064
16707320 20 12 2063
16707340 20 12 2073
16707340 20 13 2077
16707370 20 12 2071
16707370 20 13 2072
16707390 20 13 2087
16707390 20 13 2080
16707410 20 13 2085
16707430 20 13 2095
16707460 20 13 2097
16707460 20 13 2094
16707480 20 13 2098
16707480 20 13 2099
16707500 20 12 2098
16707520 20 12 2088
16707540 20 13 2093
16707540 20 13 2090
16707570 15 12 2087
16707570 15 12 2085
16707590 15 12 2082
16707590 15 12 2088
16707610 20 13 2091
16707630 20 12 2090
16707660 20 12 2099
16707660 20 12 2101
16707680 20 13 2094
16707680 20 12 2101
16707700 20 12 2098
16707720 20 12 2101
16707740 20 12 2095
16707740 20 12 2100
16707770 20 12 2084
16707770 20 12 2088
16707790 20 12 2090
16707790 20 12 2093
16707810 20 12 2088
16707830 20 13 2096
16707870 20 13 2088
16707870 20 12 2091
16707880 20 13 2091
16707880 20 12 2097
16707910 20 13 2097
16707930 20 13 2095
16707950 20 13 2090
16707950 20 13 2088
16707980 20 13 2084
16707980 20 13 2089
16708000 20 12 2089
16708000 20 12 2086
16708020 20 13 2092
16708040 20 13 2099
16708070 20 12 2100
16708070 20 13 2111
16708090 20 12 2104
16708090 20 12 2113
16708110 20 13 2102
16708130 20 12 2111
16708150 20 12 2094
16708150 20 12 2095
16708180 20 12 2092
16708180 20 12 2093
16708200 20 12 2082
16708200 20 13 2079
16708220 20 12 2080
16708240 20 12 2069
16708270 20 13 2067
16708270 20 13 2074
16708290 20 13 2074
16708290 20 13 2080
16708310 20 13 2074
16708330 20 13 2074
16708350 20 13 2081
16708350 20 13 2078
16708380 20 12 2078
16708380 20 12 2079
16708410 20 12 2076
16708410 20 13 2082
16708420 20 12 2070
16708450 20 12 2073
16708480 20 13 2083
16708480 20 12 2080
16708500 20 13 2086
16708500 20 12 2081
16708520 20 13 2097
16708540 20 12 2105
16708560 20 12 2102
16708560 20 13 2109
16708590 20 13 2100
16708590 20 13 2108
16708610 20 13 2097
16708610 20 13 2104
16708630 20 13 2100
16708650 20 12 2095
16708680 20 13 2095
16708680 20 13 2095
16708700 20 13 2091
16708700 20 13 2093
16708720 20 12 2092
16708740 20 12 2091
16708760 20 13 2092
16708760 20 13 2091
16708790 20 12 2093
16708790 20 13 2085
16708810 20 12 2085
16708810 20 13 2084
16708830 20 12 2086
16708850 20 12 2090
16708881 20 13 2083
16708881 20 12 2092
16708901 15 12 2102
16708901 15 13 2098
16708921 15 13 2100
16708941 15 13 2109
16708961 15 12 2108
16708961 15 12 2112
16708991 15 13 2111
16708991 15 12 2112
16709011 15 12 2109
16709011 15 13 2109
16709031 15 13 2101
16709061 15 13 2102
16709091 15 13 2109
16709091 15 13 2105
16709111 15 13 2099
16709111 15 12 2093
16709131 15 13 2097
16709151 15 13 2095
16709171 15 13 2096
16709171 15 13 2091
16709201 15 13 2089
16709201 15 13 2089
16709221 15 12 2088
16709221 15 13 2095
16709261 15 12 2089
16709291 15 13 2088
16709291 15 13 2101
16709311 15 12 2100
16709311 15 12 2109
16709331 15 13 2110
16709351 15 13 2108
16709371 15 13 2117
16709371 15 12 2103
16709401 15 12 2104
16709401 15 13 2093
16709421 15 12 2078
16709421 15 13 2052
16709441 15 12 2001
16709461 15 14 1907
16709491 15 15 1773
16709491 15 16 1725
16709511 15 17 1661
16709511 15 18 1595
16709531 15 23 1513
16709561 20 25 1455
16709571 20 29 1424
16709571 20 32 6241
16709611 20 39 13645
16709611 20 39 13863
16709631 20 40 14026
16709631 20 41 14124
16709651 20 42 14416
16709671 20 43 14832
16709701 20 43 15192
16709701 20 43 15309
16709721 20 43 15416
16709721 20 43 15478
16709741 20 43 15506
16709761 20 43 15506
16709781 20 43 15493
16709781 20 43 15471
16709811 20 43 15466
16709811 20 43 15482
16709831 20 43 15477
16709831 20 43 15469
16709851 20 43 15472
16709871 20 43 15447
16709901 20 43 15449
16709901 20 43 15452
16709921 20 43 15445
16709921 20 43 15433
16709941 20 43 15428
16709961 20 43 15420
16709981 20 43 15429
16709981 20 43 15425
16710011 20 43 15422
16710011 20 43 15424
16710031 20 43 15428
16710031 20 43 15422
16710051 20 43 15414
16710071 20 43 15413
16710101 20 43 15402
16710101 20 43 15418
16710121 20 43 15414
16710121 20 43 15403
16710151 20 43 15415
16710171 38 43 15405
16710191 38 43 15399
16710191 38 43 15399
16710221 38 43 15383
16710221 38 43 15396
16710241 38 43 15406
16710241 38 43 15401
16710261 38 43 15382
16710281 38 43 15387
16710311 38 43 15377
16710311 38 43 15397
16710331 38 43 15388
16710331 38 43 15371
16710351 38 43 15368
16710371 38 43 15363
16710391 38 43 15366
16710391 38 43 15361
16710421 38 43 15365
16710421 38 43 15359
16710441 38 43 15369
16710441 38 43 15364
16710461 38 43 15369
16710481 38 43 15370
16710511 38 43 15360
16710511 38 43 15366
16710531 38 43 15365
16710531 38 43 15363
16710551 38 43 15355
16710571 38 43 15361
16710591 38 43 15352
16710591 38 43 15354
16710621 38 43 15351
16710621 38 43 15340
16710641 38 43 15350
16710641 38 43 15354
16710661 38 43 15340
16710691 38 43 15328
16710721 38 43 15329
16710721 38 43 15329
16710741 38 43 15324
16710741 38 43 15323
16710761 38 43 15323
16710781 38 43 15321
16710801 38 43 15313
16710801 38 43 15315
16710831 38 43 15318
16710831 38 43 15318
16710851 38 43 15317
16710851 38 43 15299
16710871 38 43 15319
16710891 38 43 15304
16710921 38 43 15308
16710921 38 43 15307
16710941 38 43 15309
16710941 38 43 15311
16710961 38 43 15307
16710981 38 43 15297
16711001 38 43 15306
16711001 38 43 15308
16711031 38 43 15312
16711031 38 43 15308
16711051 38 43 15299
16711051 38 43 15295
16711071 38 43 15293
16711091 38 43 15299
16711121 38 43 15300
16711121 38 43 15301
16711141 38 43 15299
16711141 38 43 15301
16711161 38 43 15297
16711181 38 43 15294
16711201 38 43 15284
16711201 38 43 15287
16711241 38 43 15289
16711241 38 43 15287
16711261 38 43 15285
16711261 38 43 15281
16711281 38 43 15282
16711301 38 43 15273
16711331 38 43 15270
16711331 38 43 15276
16711351 38 43 15271
16711351 38 43 15271
16711371 38 43 15282
16711391 38 43 15288
16711411 38 43 15281
16711411 38 43 15286
16711441 38 43 15285
16711441 38 43 15287
16711461 38 43 15281
16711461 38 43 15272
16711481 38 43 15289
16711501 38 43 15270
16711531 38 43 15273
16711531 38 43 15275
16711551 38 43 15274
16711551 38 43 15268
16711571 38 43 15277
16711591 38 43 15278
16711611 38 43 15262
16711611 38 43 15262
16711641 38 43 15258
16711641 38 43 15260
16711661 38 43 15255
16711661 38 43 15259
16711681 38 43 15253
16711701 38 43 15266
16711731 38 43 15259
16711731 38 43 15257
16711751 38 43 15273
16711751 38 43 15259
16711781 38 43 15259
16711801 38 43 15259
16711821 38 43 15258
16711821 38 43 15262
16711851 38 43 15265
16711851 38 43 15276
16711871 38 43 15265
16711871 38 43 15258
16711892 38 43 15259
16711912 38 43 15263
16711942 38 43 15264
16711942 38 43 15271
16711962 38 43 15273
16711962 38 43 15265
16711982 38 43 15261
16712002 38 43 15267
16712022 38 43 15249
16712022 38 43 15250
16712052 38 43 15248
16712052 38 43 15241
16712072 38 43 15242
16712092 38 43 15240
16712112 38 43 15255
16712142 38 43 15256
16712142 38 43 15254
16712162 38 44 15246
16712162 38 43 15246
16712182 38 43 15253
16712202 38 43 15256
16712222 38 43 15255
16712222 38 43 15262
16712252 38 43 15246
16712252 38 43 15250
16712272 38 43 15238
16712272 38 43 15246
16712292 38 43 15243
16712312 38 43 15229
16712352 38 43 15239
16712352 38 43 15240
16712362 38 43 15247
16712362 38 43 15227
16712392 38 43 15233
16712412 38 43 15243
16712432 38 43 15243
16712432 38 43 15240
16712462 38 43 15242
16712462 38 43 15242
16712482 38 43 15242
16712482 38 43 15244
16712502 38 43 15242
16712522 38 43 15230
16712552 38 43 15233
16712552 38 43 15233
16712572 38 43 15222
16712572 38 43 15231
16712592 38 43 15232
16712612 38 43 15240
16712632 38 43 15225
16712632 38 43 15233
16712662 38 43 15233
16712662 38 43 15234
16712682 38 43 15227
16712682 38 43 15227
16712702 38 43 15222
16712722 38 43 15227
16712752 38 43 15230
16712752 38 43 15232
16712772 38 43 15232
16712772 38 43 15232
16712792 38 43 15238
16712812 38 43 15230
16712832 38 43 15225
16712832 38 43 15232
16712862 38 43 15241
16712862 38 43 15239
16712892 38 43 15229
16712892 38 43 15236
16712912 38 43 15237
16712932 38 43 15226
16712962 38 43 15245
16712962 38 43 15238
16712982 38 43 15245
16712982 38 43 15241
16713002 38 43 15243
16713022 38 43 15221
16713042 38 43 15230
16713042 38 43 15224
16713072 38 43 15227
16713072 38 43 15226
16713092 38 43 15228
16713092 38 43 15237
16713112 38 43 15239
16713132 38 43 15239
16713162 38 43 15230
16713162 38 43 15224
16713182 38 43 15224
16713182 38 43 15224
16713202 38 43 15213
16713222 38 43 15222
16713242 38 43 15217
16713242 38 43 15227
16713272 38 43 15219
16713272 38 43 15222
16713292 38 43 15231
16713292 38 43 15227
16713312 38 43 15243
16713332 38 43 15219
16713362 38 43 15215
16713362 38 43 15213
16713382 38 43 15211
16713382 38 43 15225
16713402 38 43 15226
16713432 38 43 15222
16713452 38 43 15217
16713452 38 43 15222
16713482 38 43 15229
16713482 38 43 15220
16713502 38 43 15227
16713502 38 44 15220
16713522 38 43 15235
16713542 38 43 15211
16713572 38 43 15204
16713572 38 43 15217
16713592 38 43 15228
16713592 38 43 15224
16713612 38 43 15223
16713632 38 43 15236
16713652 38 43 15236
16713652 38 43 15226
16713682 38 43 15213
16713682 38 43 15218
16713702 38 43 15221
16713702 38 43 15223
16713722 38 43 15212
16713742 38 43 15211
16713772 38 43 15225
16713772 38 43 15222
16713792 38 43 15231
16713792 38 43 15228
16713812 38 43 15227
16713832 38 43 15213
16713852 38 43 15224
16713852 38 43 15216
16713882 38 43 15221
16713882 38 43 15234
16713902 38 43 15226
16713902 38 43 15226
16713922 38 43 15231
16713942 38 43 15219
16713982 38 43 15215
16713982 38 43 15212
16713992 38 43 15229
16713992 38 43 15240
16714022 38 43 15219
16714042 38 43 15220
16714062 38 43 15219
16714062 38 43 15215
16714092 38 43 15220
16714092 38 43 15232
16714112 38 43 15214
16714112 38 43 15217
16714132 38 43 15218
16714152 38 43 15219
16714182 38 44 15226
16714182 38 44 15232
16714202 38 44 15208
16714202 38 43 15203
16714222 38 43 15216
16714242 38 43 15207
16714262 38 43 15221
16714262 38 43 15213
16714292 38 43 15210
16714292 38 43 15209
16714312 38 43 15217
16714312 38 43 15206
16714332 38 43 15197
16714352 38 43 15197
16714382 38 43 15214
16714382 38 43 15229
16714402 38 43 15201
16714402 38 43 15213
16714422 38 43 15208
16714442 38 43 15194
16714462 38 43 15194
16714462 38 43 15194
16714492 38 43 15191
16714492 38 43 15206
16714522 38 43 15220
16714522 38 43 15194
16714532 38 43 15207
16714562 38 43 15207
16714592 38 43 15205
16714592 38 43 15203
16714612 38 43 15202
16714612 38 43 15198
16714632 38 43 15209
16714652 38 43 15214
16714672 38 43 15210
16714672 38 43 15213
16714702 38 43 15205
16714702 38 43 15208
16714722 38 43 15208
16714722 38 43 15215
16714742 38 43 15211
16714762 38 43 15207
16714792 38 43 15206
16714792 38 43 15210
16714812 38 43 15222
16714812 38 43 15206
16714832 38 43 15200
16714852 38 43 15200
16714872 38 43 15208
16714872 38 43 15203
16714902 38 43 15214
16714902 38 43 15209
16714922 38 43 15209
16714922 38 43 15204
16714942 38 43 15207
16714962 38 43 15209
16714992 38 43 15215
16714992 38 43 15224
16715012 38 43 15215
16715012 38 43 15212
16715032 38 43 15207
16715062 38 43 15202
16715082 38 43 15219
16715082 38 43 15219
16715102 38 43 15226
16715102 38 43 15214
16715132 38 43 15214
16715132 38 43 15225
16715152 38 43 15223
16715172 38 43 15213
16715202 38 44 15224
16715202 38 43 15222
16715222 38 43 15232
16715222 38 43 15229
16715242 38 43 15235
16715262 38 43 15242
16715282 38 43 15212
16715282 38 43 15241
16715312 38 43 15227
16715312 38 43 15213
16715332 38 43 15233
16715332 38 43 15238
16715352 38 43 15234
16715372 38 43 15218
16715402 38 43 15234
16715402 38 43 15250
16715422 38 43 15240
16715422 38 43 15240
16715442 38 43 15236
16715462 20 43 15255
16715482 20 43 15255
16715482 20 43 15243
16715512 20 43 15242
16715512 20 43 15239
16715532 20 43 15234
16715532 20 43 15258
16715552 20 43 15261
16715572 20 43 15238
16715602 20 43 15249
16715602 20 43 15241
16715632 20 43 15241
16715632 20 43 15249
16715642 20 43 15253
16715672 20 43 15245
16715692 20 43 15260
16715692 20 43 15269
16715722 20 43 15283
16715722 20 43 15280
16715742 20 43 15286
16715762 20 43 15188
16715782 20 43 14989
16715812 20 43 14661
16715812 20 43 14437
16715832 20 43 14215
16715832 20 42 14097
16715852 20 41 13831
16715872 20 40 13431
16715892 20 38 12961
16715892 20 37 12903
16715922 20 36 12934
16715922 20 34 13336
16715942 20 32 14007
16715942 20 27 6587
16715962 20 18 1628
16715982 20 15 1746
16716012 20 14 1876
16716012 20 13 1934
16716032 20 13 1969
16716032 20 13 2007
16716052 15 12 2057
16716072 15 13 2076
16716092 15 13 2090
16716092 15 12 2097
16716122 15 12 2099
16716122 15 12 2098
16716142 15 12 2098
16716142 15 13 2090
16716172 15 13 2093
16716182 15 12 2076
16716212 15 13 2072
16716212 15 12 2073
16716242 15 12 2068
16716242 15 13 2076
16716262 15 13 2078
16716282 15 13 2075
16716302 15 12 2080
16716302 15 13 2078
16716332 15 12 2085
16716332 15 12 2084
16716352 15 12 2087
16716352 15 13 2088
16716372 15 12 2092
16716392 15 12 2092
16716422 15 13 2088
16716422 15 13 2094
16716442 15 13 2095
16716442 15 13 2102
16716462 15 13 2105
16716482 15 12 2096
16716502 15 12 2099
16716502 15 12 2098
16716532 15 13 2105
16716532 15 12 2097
16716552 15 12 2096
16716552 15 12 2097
16716572 15 13 2088
16716592 15 13 2081
16716622 15 13 2075
16716622 15 13 2078
16716642 15 13 2079
16716642 15 12 2078
16716662 20 13 2079
16716682 20 12 2080
16716712 20 12 2084
16716712 20 12 2075
16716732 20 12 2086
16716732 20 12 2083
16716762 20 12 2088
16716762 20 12 2082
16716782 20 13 2096
16716802 20 12 2094
16716832 20 12 2090
16716832 20 12 2096
16716852 20 13 2093
16716852 20 12 2101
16716872 20 12 2105
16716892 20 13 2102
16716912 20 12 2098
16716912 20 13 2104
16716942 20 13 2104
16716942 20 13 2099
16716962 20 13 2097
16716962 20 13 2089
16716982 20 12 2081
16717002 20 13 2070
16717032 20 12 2067
16717032 20 13 2074
16717052 20 13 2076
16717052 20 13 2072
16717072 20 12 2070
16717092 20 12 2080
16717112 20 13 2072
16717112 20 13 2074
16717142 20 13 2080
16717142 20 13 2074
16717162 20 12 2082
16717162 20 13 2078
16717182 20 13 2073
16717202 20 12 2077
16717232 20 13 2069
16717232 20 13 2074
16717252 20 13 2082
16717252 20 13 2076
16717272 20 13 2084
16717292 20 12 2085
16717322 20 13 2104
16717322 20 13 2094
16717352 20 12 2110
16717352 20 13 2106
16717372 20 13 2104
16717372 20 12 2105
16717392 20 13 2108
16717412 20 13 2105
16717442 20 12 2100
16717442 20 13 2097
16717462 20 13 2098
16717462 20 13 2094
16717482 20 12 2096
16717502 20 12 2094
16717522 20 13 2092
16717522 20 13 2095
16717552 20 12 2088
16717552 20 12 2097
16717572 20 13 2096
16717572 20 12 2101
16717592 20 12 2093
16717612 20 12 2094
16717642 20 12 2097
16717642 20 12 2096
16717662 20 12 2097
16717662 20 12 2093
16717682 20 13 2093
16717702 20 13 2096
16717722 20 12 2103
16717722 20 13 2105
16717752 20 13 2099
16717752 20 13 2104
16717772 20 12 2109
16717772 20 13 2100
16717792 20 13 2100
16717812 20 13 2097
16717852 20 12 2102
16717852 20 13 2092
16717872 20 13 2096
16717872 20 13 2102
16717892 20 13 2099
16717912 20 13 2094
16717932 20 12 2093
16717932 20 13 2100
16717962 20 13 2099
16717962 20 13 2101
16717982 20 12 2099
16717982 20 12 2106
16718002 20 13 2107
16718022 20 12 2107
16718052 20 12 2096
16718052 20 12 2090
16718072 20 12 2102
16718072 20 13 2089
16718092 20 13 2094
16718112 20 13 2084
16718132 20 13 2083
16718132 20 13 2077
16718162 20 12 2075
16718162 20 12 2074
16718182 20 12 2070
16718182 20 12 2077
16718202 20 12 2077
16718222 20 13 2084
16718252 20 13 2077
16718252 20 12 2085
16718272 20 13 2086
16718272 20 12 2090
16718292 20 13 2090
16718312 20 13 2084
16718332 20 12 2089
16718332 20 13 2084
16718362 20 13 2085
16718362 20 13 2087
16718382 20 12 2081
16718382 20 12 2084
16718412 20 13 2085
16718432 20 12 2076
16718462 20 12 2077
16718462 20 12 2068
16718482 20 12 2066
16718482 20 12 2056
16718502 20 12 2037
16718522 20 12 2006
16718542 20 12 1976
16718542 20 12 1949
16718572 20 13 1926
16718572 20 13 1895
16718592 20 13 1861
16718592 20 14 1836
16718612 20 15 1781
16718632 38 16 1709
16718662 38 17 1628
16718662 38 19 1589
16718682 38 20 1551
16718682 38 21 1510
16718702 38 25 1451
16718722 20 28 1417
16718742 20 38 13765
16718742 20 39 13994
16718772 20 40 14483
16718772 20 41 14637
16718792 20 42 14701
16718792 20 43 14990
16718812 20 43 15337
16718832 20 43 15510
16718862 20 43 15513
16718862 20 43 15486
16718882 20 43 15499
16718882 20 43 15497
16718902 20 43 15492
16718922 38 43 15489
16718952 38 43 15475
16718952 38 43 15467
16718982 38 43 15469
16718982 38 43 15457
16719002 38 43 15466
16719002 38 43 15455
16719022 38 43 15435
16719042 38 43 15457
16719072 38 43 15448
16719072 38 43 15452
16719092 38 43 15451
16719092 38 43 15445
16719112 38 43 15437
16719132 38 43 15435
16719152 38 43 15436
16719152 38 43 15432
16719182 38 43 15436
16719182 38 43 15422
16719202 38 43 15422
16719202 38 43 15420
16719222 38 43 15408
16719242 38 43 15406
16719272 38 43 15393
16719272 38 43 15403
16719292 38 43 15409
16719292 38 43 15404
16719312 38 43 15397
16719332 38 43 15397
16719352 38 43 15412
16719352 38 43 15410
16719382 38 43 15417
16719382 38 43 15401
16719402 38 43 15404
16719402 38 43 15404
16719422 38 43 15419
16719442 38 43 15389
16719472 38 43 15393
16719472 38 43 15400
16719502 38 43 15383
16719502 38 43 15384
16719522 38 43 15401
16719542 38 43 15417
16719562 38 43 15394
16719562 38 43 15386
16719592 38 43 15392
16719592 38 43 15392
16719612 38 43 15398
16719612 38 43 15404
16719632 38 43 15397
16719652 38 43 15392
16719682 38 43 15387
16719682 38 43 15406
16719702 38 43 15389
16719702 38 43 15397
16719722 38 43 15388
16719742 38 43 15373
16719762 38 43 15375
16719762 38 43 15372
16719792 38 43 15361
16719792 38 43 15361
16719812 38 43 15354
16719812 38 43 15361
16719832 38 43 15358
16719852 38 43 15360
16719882 38 43 15358
16719882 38 43 15363
16719902 38 43 15350
16719902 38 43 15380
16719922 38 43 15369
16719942 38 43 15363
16719962 38 43 15358
16719962 38 43 15362
16719992 38 43 15349
16719992 38 43 15357
16720012 38 43 15351
16720012 38 43 15349
16720042 38 43 15345
16720062 38 43 15347
16720082 38 43 15356
16720082 38 43 15361
16720112 38 43 15350
16720112 38 43 15343
16720132 38 43 15335
16720152 38 43 15340
16720172 38 43 15341
16720172 38 43 15338
16720202 38 43 15323
16720202 38 43 15344
16720222 38 43 15342
16720222 38 43 15334
16720242 38 43 15320
16720262 38 43 15331
16720292 38 43 15302
16720292 38 43 15321
16720312 38 43 15311
16720312 38 43 15310
16720332 38 43 15331
16720352 38 43 15331
16720372 38 43 15315
16720372 38 43 15327
16720402 38 43 15320
16720402 38 43 15347
16720422 38 43 15333
16720422 38 43 15319
16720442 38 43 15323
16720462 38 43 15330
16720492 38 43 15330
16720492 38 43 15312
16720512 38 43 15297
16720512 38 43 15304
16720532 38 43 15328
16720552 38 43 15331
16720582 38 43 15317
16720582 38 43 15311
16720602 38 43 15297
16720602 38 43 15299
16720632 38 43 15303
16720632 38 43 15312
16720652 38 43 15315
16720672 38 43 15318
16720702 38 43 15314
16720702 38 43 15318
16720722 38 43 15304
16720722 38 43 15308
16720742 38 43 15299
16720762 38 43 15300
16720782 38 43 15312
16720782 38 43 15325
16720812 38 43 15319
16720812 38 43 15315
16720832 38 43 15313
16720832 38 43 15307
16720852 38 43 15329
16720872 38 43 15321
16720902 38 43 15324
16720902 38 43 15320
16720922 38 43 15340
16720922 38 43 15326
16720942 38 43 15318
16720962 38 43 15330
16720982 38 43 15313
16720982 38 43 15316
16721012 38 43 15303
16721012 38 43 15300
16721032 38 43 15315
16721032 38 43 15324
16721052 38 43 15310
16721072 38 43 15301
16721102 38 43 15289
16721102 38 43 15281
16721132 38 43 15303
16721132 38 43 15299
16721152 38 43 15287
16721172 38 43 15291
16721192 38 43 15304
16721192 38 43 15308
16721222 38 43 15302
16721222 38 43 15302
16721242 38 43 15299
16721242 38 43 15292
16721262 38 43 15278
16721282 38 43 15273
16721312 38 43 15291
16721312 38 43 15291
16721332 38 43 15308
16721332 38 43 15297
16721352 38 43 15296
16721372 38 43 15279
16721392 38 43 15287
16721392 38 43 15280
16721422 38 43 15291
16721422 38 43 15268
16721442 38 43 15285
16721442 38 43 15284
16721462 38 43 15279
16721482 38 43 15280
16721512 38 43 15271
16721512 38 43 15278
16721532 38 43 15266
16721532 38 43 15274
16721552 38 43 15285
16721572 38 43 15284
16721592 38 43 15288
16721592 38 43 15286
16721622 38 43 15295
16721622 38 43 15277
16721642 38 43 15271
16721642 38 43 15285
16721672 38 43 15271
16721692 38 43 15276
16721712 38 43 15282
16721712 38 43 15279
16721742 38 43 15270
16721742 38 43 15271
16721762 38 43 15277
16721782 38 43 15281
16721802 38 43 15280
16721802 38 43 15280
16721832 38 43 15301
16721832 38 43 15285
16721852 38 43 15269
16721852 38 43 15269
16721892 38 43 15280
16721922 38 43 15268
16721922 38 43 15265
16721942 38 43 15273
16721942 38 43 15268
16721962 38 43 15274
16721982 38 43 15260
16722002 38 43 15255
16722002 38 43 15271
16722032 38 43 15253
16722032 38 43 15262
16722052 38 43 15257
16722052 38 43 15266
16722072 38 43 15267
16722092 38 43 15258
16722122 38 43 15275
16722122 38 43 15274
16722142 38 43 15283
16722142 38 43 15282
16722162 38 43 15277
16722182 38 43 15277
16722202 38 43 15253
16722202 38 43 15267
16722232 38 43 15274
16722252 38 43 15273
16722252 38 43 15270
16722282 38 43 15273
16722302 38 43 15260
16722332 38 43 15272
16722332 38 43 15262
16722352 38 43 15265
16722352 38 43 15275
16722372 38 43 15259
16722392 38 43 15278
16722412 38 43 15259
16722412 38 43 15258
16722442 38 43 15250
16722442 38 43 15254
16722462 38 43 15250
16722482 38 43 15264
16722502 38 43 15272
16722532 38 43 15270
16722532 38 43 15274
16722552 38 43 15262
16722552 38 43 15271
16722572 38 43 15256
16722592 38 43 15259
16722612 38 43 15264
16722612 38 43 15269
16722642 38 43 15261
16722642 38 43 15267
16722662 38 43 15267
16722662 38 43 15265
16722682 38 43 15257
16722702 38 43 15248
16722732 38 43 15234
16722732 38 43 15236
16722752 38 43 15245
16722752 38 43 15242
16722772 38 43 15248
16722792 38 43 15255
16722822 38 43 15240
16722822 38 43 15248
16722852 38 43 15240
16722852 38 43 15259
16722872 38 43 15250
16722872 38 43 15232
16722892 38 43 15264
16722912 38 43 15270
16722942 38 43 15275
16722942 38 43 15259
16722962 38 43 15257
16722962 38 43 15257
16722982 38 43 15255
16723002 38 43 15255
16723022 38 43 15261
16723022 38 43 15263
16723052 38 43 15257
16723052 38 43 15253
16723072 38 43 15261
16723072 38 43 15256
16723092 38 43 15258
16723112 38 43 15252
16723142 38 43 15253
16723142 38 43 15267
16723162 38 43 15254
16723162 38 43 15265
16723182 38 43 15259
16723202 38 43 15254
16723222 38 43 15251
16723222 38 43 15250
16723252 38 43 15265
16723252 38 43 15245
16723272 38 43 15274
16723272 38 43 15268
16723292 38 43 15260
16723312 38 43 15270
16723342 38 43 15254
16723342 38 43 15250
16723362 38 43 15252
16723362 38 43 15246
16723392 38 43 15249
16723412 38 43 15255
16723432 38 43 15257
16723432 38 43 15255
16723462 38 43 15245
16723462 38 43 15242
16723482 38 43 15258
16723482 38 43 15243
16723502 38 43 15229
16723522 38 43 15234
16723552 38 43 15254
16723552 38 43 15234
16723572 38 43 15245
16723572 38 43 15251
16723592 38 43 15259
16723612 38 43 15268
16723632 38 43 15255
16723632 38 43 15255
16723662 38 43 15253
16723662 38 43 15253
16723682 38 43 15249
16723682 38 43 15263
16723702 38 43 15255
16723722 38 43 15250
16723752 38 43 15249
16723752 38 43 15261
16723772 38 43 15264
16723772 38 43 15263
16723792 38 43 15266
16723812 38 43 15246
16723832 38 43 15255
16723832 38 43 15255
16723862 38 43 15250
16723862 38 43 15249
16723882 38 43 15258
16723882 38 43 15255
16723902 38 43 15262
16723932 38 43 15246
16723962 38 43 15269
16723962 38 43 15255
16723982 38 43 15249
16723982 38 43 15254
16724002 38 43 15260
16724022 38 43 15269
16724042 38 43 15266
16724042 38 43 15265
16724072 38 43 15258
16724072 38 43 15249
16724092 38 43 15256
16724092 38 43 15269
16724112 38 43 15276
16724132 38 43 15251
16724162 38 43 15259
16724162 38 43 15251
16724182 38 43 15234
16724182 38 43 15249
16724202 38 43 15267
16724222 38 43 15258
16724242 38 43 15260
16724242 38 43 15258
16724272 38 43 15260
16724272 38 43 15256
16724292 38 43 15250
16724292 38 43 15252
16724312 38 43 15249
16724332 38 43 15260
16724362 38 43 15259
16724362 38 43 15256
16724382 38 43 15239
16724382 38 43 15250
16724402 38 43 15248
16724422 38 43 15246
16724442 38 43 15251
16724442 38 43 15261
16724472 38 43 15254
16724472 38 43 15246
16724502 38 43 15245
16724502 38 43 15239
16724512 38 43 15237
16724542 38 43 15233
16724572 38 43 15224
16724572 38 43 15252
16724592 38 43 15256
16724592 38 43 15259
16724612 38 43 15253
16724632 38 43 15253
16724652 38 43 15237
16724652 38 43 15236
16724682 38 43 15247
16724682 38 43 15258
16724702 38 43 15246
16724702 38 43 15249
16724722 38 43 15234
16724742 38 43 15231
16724772 38 43 15220
16724772 38 43 15233
16724792 38 43 15230
16724792 38 43 15253
16724812 38 43 15240
16724832 38 43 15249
16724852 38 43 15247
16724852 38 43 15238
16724882 38 43 15236
16724882 38 43 15250
16724902 38 43 15256
16724902 38 43 15259
16724922 38 43 15244
16724942 38 43 15237
16724972 38 43 15230
16724972 38 43 15238
16724992 38 43 15224
16724992 38 43 15234
16725012 38 43 15231
16725042 38 43 15236
16725062 38 43 15240
16725062 38 43 15244
16725092 38 43 15233
16725092 38 43 15240
16725112 38 43 15249
16725112 38 43 15239
16725132 38 43 15242
16725152 38 43 15226
16725182 38 43 15241
16725182 38 43 15245
16725202 38 43 15250
16725202 38 43 15255
16725222 38 43 15250
16725242 38 43 15234
16725262 38 43 15233
16725262 38 43 15245
16725292 38 43 15236
16725292 38 43 15253
16725312 38 43 15259
16725312 38 43 15233
16725332 38 43 15251
16725352 38 43 15237
16725382 38 43 15238
16725382 38 43 15246
16725402 38 43 15240
16725402 38 43 15237
16725422 38 43 15236
16725442 38 43 15239
16725462 38 43 15242
16725462 38 43 15232
16725492 38 43 15219
16725492 38 43 15228
16725512 38 43 15230
16725512 38 43 15237
16725532 38 43 15238
