16562021 43 48 12555
16562021 43 48 12555
16562041 43 48 12561
16562041 43 48 12550
16562061 43 48 12554
16562081 43 48 12560
16562111 43 48 12549
16562111 43 48 12559
16562131 43 48 12554
16562131 43 48 12563
16562151 43 48 12556
16562171 43 48 12558
16562191 43 48 12559
16562191 43 48 12562
16562221 43 48 12553
16562221 43 48 12552
16562241 43 48 12563
16562241 43 48 12559
16562261 43 48 12563
16562281 43 48 12542
16562311 43 48 12552
16562311 43 48 12557
16562331 43 48 12560
16562331 43 48 12573
16562351 43 48 12569
16562371 43 48 12568
16562391 43 48 12556
16562391 43 48 12560
16562421 43 48 12563
16562421 43 48 12574
16562441 43 48 12568
16562441 43 48 12562
16562471 43 48 12562
16562481 43 48 12560
16562521 43 48 12561
16562521 43 48 12567
16562541 43 48 12571
16562541 43 48 12573
16562561 43 48 12572
16562581 43 48 12579
16562601 43 48 12560
16562601 43 48 12565
16562631 43 48 12555
16562631 43 48 12560
16562651 43 48 12561
16562651 43 48 12542
16562671 43 48 12554
16562691 43 48 12543
16562721 43 48 12551
16562721 43 48 12535
16562741 43 48 12566
16562741 43 48 12560
16562761 43 48 12550
16562761 43 48 2570
16562781 43 48 12562
16562801 43 48 12551
16562801 43 48 12556
16562831 43 48 12548
16562831 43 48 12563
16562851 43 48 12558
16562851 43 48 12549
16562871 43 48 12561
16562891 43 48 12566
16562921 43 48 12551
16562921 43 48 12541
16562941 43 48 12553
16562941 43 48 12563
16562961 43 48 12551
16562961 43 48 2570
16562981 43 48 12553
16563011 43 48 12550
16563011 43 48 12547
16563031 43 48 12539
16563031 43 48 12552
16563051 43 48 12554
16563051 43 48 12550
16563081 43 48 12559
16563101 43 48 12565
16563131 43 48 12555
16563131 43 48 12550
16563151 43 48 12534
16563151 43 48 12552
16563171 43 48 12550
16563191 43 48 12550
16563211 43 48 12537
16563211 43 48 12550
16563241 43 48 12556
16563241 43 48 12542
16563261 43 48 12540
16563261 43 48 12537
16563281 43 48 12545
16563301 43 48 12527
16563331 43 48 12527
16563331 43 48 12528
16563351 43 48 12532
16563351 43 48 12527
16563371 43 48 12522
16563391 43 48 12535
16563411 43 48 12538
16563411 43 48 12536
16563441 43 48 12542
16563441 43 48 12546
16563461 43 48 12550
16563461 43 48 12558
16563481 43 48 12551
16563501 43 48 12541
16563531 43 48 12537
16563531 43 48 12546
16563551 43 48 12545
16563551 43 48 12537
16563571 43 48 12524
16563591 43 48 12535
16563621 43 48 12540
16563621 43 48 12541
16563651 43 48 12538
16563651 43 48 12537
16563671 43 48 12546
16563671 43 48 12541
16563691 43 48 12527
16563711 43 48 12543
16563741 43 48 12523
16563741 43 48 12534
16563761 43 48 12524
16563761 43 48 12537
16563781 43 48 12528
16563801 43 48 12542
16563821 43 48 12533
16563821 43 48 12539
16563851 43 48 12536
16563851 43 48 12529
16563871 43 48 12541
16563871 43 48 12534
16563891 43 48 12537
16563911 43 48 12549
16563941 43 48 12545
16563941 43 48 12549
16563961 43 48 12546
16563961 43 48 12539
16563981 43 48 12534
16564001 43 48 12535
16564021 43 48 12533
16564021 43 48 12521
16564051 43 48 12528
16564051 43 48 12528
16564071 43 48 12533
16564071 43 48 12529
16564091 43 48 12535
16564121 43 48 12545
16564141 43 48 12534
16564141 43 48 12532
16564171 43 48 12533
16564171 43 48 12537
16564191 43 48 12532
16564211 43 48 12527
16564231 43 48 12522
16564231 43 48 12530
16564261 43 48 12538
16564261 43 48 12526
16564281 43 48 12527
16564281 43 48 12530
16564301 43 48 12538
16564321 43 48 12534
16564351 43 48 12551
16564351 43 48 12548
16564371 43 48 12543
16564371 43 48 12560
16564391 43 48 12555
16564411 43 48 12545
16564431 43 48 12543
16564431 43 48 12551
16564461 43 48 12532
16564461 43 48 12537
16564481 43 48 12548
16564481 43 48 12540
16564501 43 48 12541
16564521 43 48 12531
16564551 43 48 12541
16564551 43 48 12532
16564571 43 48 12537
16564571 43 48 12541
16564591 43 48 12529
16564611 43 48 12535
16564631 43 48 12540
16564631 43 48 12540
16564661 43 48 12523
16564661 43 48 12532
16564681 43 48 12543
16564681 43 48 12544
16564711 43 48 12550
16564731 43 48 12545
16564761 43 48 12543
16564761 43 48 12550
16564781 43 48 12542
16564781 43 48 12542
16564801 43 48 12536
16564821 43 48 12538
16564841 43 48 12550
16564841 43 48 12525
16564871 43 48 12534
16564871 43 48 12532
16564891 43 48 12526
16564891 43 48 12530
16564911 43 48 12539
16564931 43 48 12552
16564961 43 48 12529
16564961 43 48 12522
16564981 43 48 12541
16565001 43 48 12529
16565021 43 48 12537
16565041 43 48 12551
16565041 43 48 12540
16565071 43 48 12522
16565071 43 48 12525
16565091 43 48 12555
16565091 43 48 12549
16565111 43 48 12534
16565131 43 48 12536
16565161 43 48 12541
16565161 43 48 12540
16565181 43 48 12542
16565181 43 48 12533
16565201 43 48 12529
16565221 43 48 12539
16565251 43 48 12538
16565251 43 48 12522
16565271 43 48 12521
16565271 43 48 12530
16565301 43 48 12537
16565301 43 48 12533
16565321 43 48 12539
16565341 43 48 12556
16565371 43 48 12538
16565371 43 48 12534
16565391 43 48 12536
16565391 43 48 12534
16565411 43 48 12546
16565431 43 48 12548
16565451 43 48 12552
16565451 43 48 12547
16565481 43 48 12552
16565481 43 48 12547
16565501 43 48 12544
16565501 43 48 12543
16565521 43 48 12547
16565541 43 48 12553
16565571 43 48 12546
16565571 43 48 12543
16565591 43 48 12555
16565591 43 48 12551
16565611 43 48 12551
16565631 43 48 12545
16565651 43 48 12541
16565651 43 48 12535
16565681 43 48 12546
16565681 43 48 12545
16565701 43 48 12539
16565701 43 48 12538
16565721 43 48 12532
16565741 43 48 12536
16565771 43 48 12542
16565771 43 48 12536
16565801 43 48 12539
16565801 43 48 12551
16565821 43 48 12551
16565841 43 48 12542
16565861 43 48 12545
16565861 43 48 12549
16565891 43 48 12563
16565891 43 48 12550
16565911 43 48 12539
16565911 43 48 12547
16565931 43 48 12552
16565951 43 48 12554
16565981 43 48 12545
16565981 43 48 12549
16566001 43 48 12556
16566001 43 48 12546
16566021 43 48 12559
16566041 43 48 12540
16566061 43 48 12551
16566061 43 48 12555
16566091 43 48 12553
16566091 43 48 12540
16566111 43 48 12528
16566111 43 48 12529
16566131 43 48 12539
16566151 43 48 12541
16566181 43 48 12555
16566181 43 48 12550
16566201 43 48 12543
16566201 43 48 12543
16566221 43 48 12557
16566241 43 48 12540
16566261 43 48 12550
16566261 43 48 12539
16566291 43 48 12544
16566291 43 48 12548
16566311 43 48 12534
16566311 43 48 12531
16566341 43 48 12535
16566361 43 48 12534
16566381 43 48 12533
16566381 43 48 12523
16566411 43 48 12516
16566411 43 48 12526
16566431 43 48 12534
16566451 43 48 12520
16566471 43 48 12540
16566471 43 48 12540
16566501 43 48 12535
16566501 43 48 12544
16566521 43 48 12544
16566521 43 48 12548
16566541 43 48 12550
16566561 43 48 12562
16566591 43 48 12555
16566591 43 48 12562
16566611 43 48 12569
16566611 43 48 12552
16566631 43 48 12549
16566651 43 48 12543
16566671 43 48 12555
16566671 43 48 12550
16566701 43 48 12564
16566701 43 48 12558
16566721 43 48 12558
16566721 43 48 12556
16566741 43 48 12553
16566761 43 48 12548
16566791 43 48 12530
16566791 43 48 12532
16566811 43 48 12549
16566811 43 48 12543
16566831 43 48 12547
16566851 43 48 12547
16566871 43 48 12544
16566871 43 48 12541
16566911 43 48 12549
16566911 43 48 12543
16566931 43 48 12548
16566931 43 48 12538
16566951 43 48 12545
16566971 43 48 12540
16567001 43 48 12540
16567001 43 48 12530
16567021 43 48 12536
16567021 43 48 12537
16567041 43 48 12551
16567061 43 48 12552
16567081 43 48 12558
16567081 43 48 12548
16567111 43 48 12551
16567111 43 48 12560
16567131 43 48 12541
16567131 43 48 12543
16567151 43 48 12557
16567171 43 48 12545
16567201 43 48 12539
16567201 43 48 12525
16567221 43 48 12533
16567221 43 48 12536
16567241 43 48 12544
16567261 43 48 12544
16567281 43 48 12544
16567281 43 48 12542
16567311 43 48 12546
16567311 43 48 12551
16567331 43 48 12548
16567331 43 48 12542
16567351 43 48 12544
16567371 43 48 12526
16567401 43 48 12541
16567401 43 48 12547
16567421 43 48 12539
16567421 43 48 12532
16567451 43 48 12540
16567471 43 48 12545
16567491 43 48 12538
16567491 43 48 12544
16567521 43 48 12539
16567521 43 48 12542
16567541 43 48 12539
16567541 43 48 12541
16567561 43 48 12542
16567611 43 48 12547
16567611 43 48 12542
16567631 43 48 12530
16567631 43 48 12528
16567651 43 48 12543
16567671 43 48 12534
16567691 43 48 12547
16567691 43 48 12548
16567721 43 48 12543
16567721 43 48 12548
16567741 43 48 12537
16567741 43 48 12545
16567761 43 48 12556
16567781 43 48 12558
16567811 43 48 12564
16567811 43 48 12562
16567831 43 48 12562
16567831 43 48 12556
16567851 43 48 12556
16567871 43 48 12563
16567891 43 48 12552
16567891 43 48 12551
16567921 43 48 12543
16567921 43 48 12550
16567951 43 48 12558
16567971 43 48 12551
16567991 25 48 12552
16568021 25 48 12561
16568021 25 48 12555
16568041 25 48 12541
16568041 25 48 12542
16568061 25 48 12538
16568081 25 48 12560
16568101 25 48 12555
16568101 25 48 12559
16568131 25 48 12561
16568131 25 48 12575
16568151 43 48 12560
16568151 43 48 12556
16568171 43 48 12558
16568191 43 48 12571
16568221 43 48 12569
16568221 43 48 12590
16568241 43 48 12572
16568241 43 48 12578
16568261 43 48 12595
16568281 43 48 12518
16568301 43 48 12302
16568301 43 48 12134
16568331 43 48 11994
16568331 43 47 11876
16568351 43 45 12029
16568351 43 44 12241
16568371 43 42 12479
16568391 43 38 13251
16568421 43 36 14077
16568421 43 35 14505
16568441 25 34 15103
16568441 25 32 15922
16568461 25 27 7848
16568491 25 21 1830
16568511 23 21 1913
16568511 23 20 1950
16568541 23 20 1974
16568541 23 19 2007
16568561 23 19 2029
16568561 23 18 2053
16568581 23 18 2108
16568601 23 18 2155
16568631 23 17 2192
16568631 23 18 2198
16568651 23 17 2215
16568651 23 17 2233
16568671 23 17 2241
16568691 23 18 2251
16568711 23 17 2254
16568711 23 17 2260
16568741 20 17 2262
16568741 20 17 2255
16568761 20 17 2259
16568761 20 18 2256
16568781 20 17 2260
16568801 20 17 2269
16568831 20 17 2259
16568831 20 18 2262
16568851 20 17 2265
16568851 20 17 2254
16568871 20 17 2254
16568891 20 18 2246
16568911 20 18 2251
16568911 20 18 2248
16568941 20 18 2242
16568941 20 17 2243
16568961 20 17 2239
16568961 20 18 2238
16568981 20 17 2243
16569001 20 17 2246
16569041 20 17 2251
16569041 20 17 2254
16569051 20 17 2256
16569051 20 17 2260
16569081 20 18 2267
16569101 20 17 2269
16569121 20 18 2273
16569121 20 18 2268
16569151 20 18 2271
16569151 20 17 2268
16569171 20 17 2272
16569171 20 18 2271
16569191 20 18 2258
16569211 20 17 2262
16569241 20 17 2264
16569241 20 18 2263
16569261 20 18 2264
16569261 20 18 2266
16569281 20 18 2268
16569301 20 18 2276
16569321 20 18 2282
16569321 20 18 2274
16569351 20 17 2273
16569351 20 17 2282
16569371 20 18 2279
16569371 20 17 2283
16569391 20 17 2272
16569411 20 18 2274
16569441 20 17 2276
16569441 20 17 2269
16569461 20 17 2264
16569461 20 18 2270
16569481 20 17 2270
16569501 20 17 2277
16569521 20 17 2281
16569521 20 18 2266
16569551 20 17 2273
16569551 20 17 2267
16569581 20 17 2270
16569581 20 17 2274
16569591 20 18 2267
16569621 20 18 2270
16569651 20 17 2265
16569651 20 17 2264
16569671 20 18 2267
16569671 20 17 2273
16569691 20 18 2270
16569711 20 17 2284
16569731 20 17 2284
16569731 20 17 2281
16569761 20 17 2271
16569761 20 17 2274
16569781 20 17 2270
16569781 20 18 2270
16569801 20 17 2272
16569821 20 17 2256
16569851 20 17 2266
16569851 20 17 2254
16569871 20 17 2261
16569871 20 17 2249
16569891 20 17 2252
16569911 20 17 2253
16569931 20 17 2248
16569931 20 17 2245
16569961 20 17 2248
16569961 20 17 2240
16569981 20 18 2247
16569981 20 17 2244
16570001 20 18 2244
16570021 20 17 2248
16570051 20 17 2249
16570051 20 17 2251
16570071 20 17 2252
16570071 20 17 2257
16570091 20 17 2257
16570111 20 18 2268
16570131 20 17 2266
16570131 20 18 2268
16570161 20 17 2279
16570161 20 17 2286
16570191 20 17 2278
16570191 20 18 2278
16570211 20 18 2284
16570231 20 18 2283
16570261 20 18 2285
16570261 20 18 2290
16570281 20 18 2289
16570281 20 18 2290
16570301 20 17 2291
16570321 20 17 2292
16570341 20 17 2290
16570341 20 17 2289
16570371 20 17 2292
16570371 20 18 2288
16570391 20 17 2292
16570391 20 17 2284
16570411 20 18 2275
16570431 20 17 2283
16570461 20 18 2277
16570461 20 17 2273
16570481 20 17 2276
16570481 20 17 2282
16570501 20 18 2279
16570521 20 18 2272
16570541 20 18 2272
16570541 20 18 2282
16570571 20 18 2283
16570571 20 17 2285
16570591 20 17 2282
16570591 20 17 2284
16570611 20 17 2291
16570631 20 17 2295
16570661 20 17 2295
16570661 20 18 2299
16570681 20 18 2290
16570681 20 17 2291
16570701 20 18 2295
16570731 20 18 2291
16570751 20 17 2293
16570751 20 18 2283
16570781 20 18 2283
16570781 20 18 2291
16570801 20 18 2284
16570801 20 18 2282
16570821 20 18 2281
16570841 20 17 2287
16570871 20 17 2288
16570871 20 18 2284
16570891 20 17 2286
16570911 20 17 2289
16570931 20 17 2287
16570951 20 17 2286
16570951 20 17 2292
16570981 20 18 2300
16570981 20 17 2290
16571001 20 18 2293
16571001 20 17 2292
16571021 20 18 2287
16571041 20 17 2265
16571071 20 17 2219
16571071 20 18 2190
16571091 20 19 2153
16571091 20 18 2091
16571111 20 19 1960
16571131 20 21 1841
16571151 20 22 1703
16571151 20 24 1652
16571181 20 25 1605
16571181 20 27 1549
16571201 20 27 1501
16571201 20 29 1442
16571221 20 39 12982
16571241 20 41 12763
16571271 20 42 12717
16571271 20 43 12698
16571301 20 44 12637
16571301 20 44 12580
16571321 20 46 12299
16571341 20 47 12331
16571361 20 47 12584
16571361 20 48 12674
16571391 20 48 12736
16571391 20 48 12779
16571411 20 48 12793
16571411 20 48 12799
16571431 20 48 12783
16571451 20 48 12789
16571481 23 48 12773
16571481 23 48 12761
16571501 23 48 12778
16571501 23 48 12761
16571521 23 48 12762
16571541 23 48 12756
16571561 23 48 12749
16571561 23 48 12752
16571591 23 48 12748
16571591 23 48 12751
16571611 23 48 12744
16571611 23 48 12741
16571631 23 48 12719
16571651 23 48 12733
16571681 23 48 12724
16571681 23 48 12710
16571701 23 48 12712
16571701 23 48 12710
16571721 23 48 12731
16571741 23 48 12724
16571761 23 48 12713
16571761 23 48 12711
16571791 23 48 12715
16571791 23 48 12708
16571811 23 48 12715
16571811 23 48 12715
16571841 23 48 12714
16571861 23 48 12718
16571881 23 48 12701
16571881 23 48 12697
16571911 23 48 12701
16571911 23 48 12688
16571931 23 48 12698
16571951 25 48 12693
16571971 25 48 12690
16571971 25 48 12684
16572001 25 48 12692
16572001 25 48 12694
16572021 25 48 12678
16572021 25 48 12696
16572041 43 48 12688
16572061 43 48 12673
16572091 43 48 12700
16572091 43 48 12694
16572111 43 48 12681
16572111 43 48 12684
16572131 43 48 12691
16572151 43 48 12678
16572171 43 48 12680
16572171 43 48 12673
16572201 43 48 12684
16572201 43 48 12671
16572221 43 48 12685
16572221 43 48 12679
16572241 43 48 12678
16572261 43 48 12667
16572291 43 48 12685
16572291 43 48 12687
16572311 43 48 12676
16572311 43 48 12673
16572331 43 48 12673
16572351 43 48 12675
16572381 43 48 12676
16572381 43 48 12673
16572401 43 48 12667
16572401 43 48 12665
16572431 43 48 12672
16572431 43 48 12664
16572451 43 48 12666
16572471 43 48 12658
16572501 43 48 12660
16572501 43 48 12647
16572521 43 48 12647
16572521 43 48 12653
16572541 43 48 12665
16572561 43 48 12654
16572581 43 48 12656
16572581 43 48 12655
16572611 43 48 12650
16572611 43 48 12647
16572631 43 48 12665
16572631 43 48 12654
16572651 43 48 12646
16572671 43 48 12664
16572701 43 48 12648
16572701 43 48 12649
16572721 43 48 12644
16572721 43 48 12655
16572741 43 48 12655
16572761 43 48 12645
16572781 43 48 12642
16572781 43 48 12651
16572811 43 48 12634
16572811 43 48 12634
16572831 43 48 12629
16572831 43 48 12630
16572851 43 48 12645
16572871 43 48 12647
16572901 43 48 12632
16572901 43 48 12639
16572931 43 48 12634
16572931 43 48 12636
16572951 43 48 12635
16572971 43 48 12631
16572991 43 48 12635
16572991 43 48 12629
16573021 43 48 12640
16573021 43 48 12644
16573041 43 48 12638
16573041 43 48 12638
16573061 43 48 12626
16573081 43 48 12633
16573111 43 48 12632
16573111 43 48 12628
16573131 43 48 12622
16573131 43 48 12628
16573151 43 48 12623
16573171 43 48 12621
16573191 43 48 12629
16573191 43 48 12622
16573221 43 48 12644
16573221 43 48 12632
16573241 43 48 12622
16573241 43 48 12618
16573261 43 48 12632
16573281 43 48 12626
16573311 43 48 12632
16573311 43 48 12629
16573331 43 48 12625
16573331 43 48 12623
16573351 43 48 12621
16573371 43 48 12624
16573391 43 48 12624
16573391 43 48 12636
16573421 43 48 12638
16573421 43 48 12633
16573441 43 48 12636
16573441 43 48 12638
16573471 43 48 12646
16573491 43 48 12642
16573511 43 48 12622
16573511 43 48 12630
16573541 43 48 12629
16573541 43 48 12622
16573561 43 48 12629
16573581 43 48 12638
16573601 43 48 12619
16573601 43 48 12614
16573631 43 48 12611
16573631 43 48 12622
16573651 43 48 12629
16573651 43 48 12636
16573671 43 48 12625
16573691 43 48 12628
16573721 43 48 12620
16573721 43 48 12622
16573741 43 48 12614
16573741 43 48 12621
16573761 43 48 12626
16573781 43 48 12621
16573801 43 48 12614
16573801 43 48 12612
16573831 43 48 12618
16573831 43 48 12612
16573851 43 48 12606
16573851 43 48 12616
16573871 43 48 12605
16573891 43 48 12608
16573921 43 48 12608
16573921 43 48 12608
16573941 43 48 12593
16573941 43 48 12595
16573961 43 48 12597
16573981 43 48 12598
16574011 43 48 12614
16574011 43 48 12596
16574041 43 48 12607
16574041 43 48 12603
16574051 43 48 12592
16574051 43 48 12600
16574081 43 48 12606
16574101 43 48 12616
16574131 43 48 12619
16574131 43 48 12613
16574151 43 48 12612
16574151 43 48 12608
16574171 43 48 12594
16574191 43 48 12603
16574211 43 48 12613
16574211 43 48 12614
16574241 43 48 12619
16574241 43 48 12614
16574261 43 48 12617
16574261 43 48 12620
16574281 43 48 12587
16574301 43 48 12603
16574331 43 48 12631
16574331 43 48 12611
16574351 43 48 12584
16574351 43 48 12596
16574371 43 48 12620
16574391 43 48 12586
16574411 43 48 12598
16574411 43 48 12604
16574441 43 48 12594
16574441 43 48 12604
16574461 43 48 12609
16574461 43 48 12606
16574481 43 48 12578
16574501 43 48 12598
16574531 43 48 12577
16574531 43 48 12578
16574551 43 48 12598
16574551 43 48 12613
16574581 43 48 12586
16574591 43 48 12590
16574621 43 48 12585
16574621 43 48 12579
16574651 43 48 12586
16574651 43 48 12582
16574671 43 48 12582
16574671 43 48 12588
16574691 43 48 12586
16574711 43 48 12569
16574741 43 48 12588
16574741 43 48 12587
16574761 43 48 12587
16574761 43 48 12578
16574781 43 48 12576
16574801 43 48 12584
16574821 43 48 12592
16574821 43 48 12590
16574851 43 48 12592
16574851 43 48 12587
16574871 43 48 12596
16574871 43 48 12588
16574891 43 48 12597
16574911 43 48 12598
16574941 43 48 12597
16574941 43 48 12601
16574961 43 48 12586
16574961 43 48 12597
16574981 43 48 12594
16575001 43 48 12593
16575021 43 48 12598
16575021 43 48 12599
16575051 43 48 12596
16575051 43 48 12599
16575071 43 48 12594
16575071 43 48 12604
16575091 43 48 12610
16575121 43 48 12599
16575141 43 48 12596
16575141 43 48 12597
16575171 43 48 12596
16575171 43 48 12610
16575191 43 48 12608
16575211 43 48 12602
16575231 43 48 12588
16575231 43 48 12584
16575261 43 48 12592
16575261 43 48 12585
16575281 43 48 12594
16575281 43 48 12588
16575301 43 48 12594
16575321 43 48 12604
16575351 43 48 12593
16575351 43 48 12603
16575371 43 48 12595
16575371 43 48 12581
16575391 43 48 12587
16575411 43 48 12571
16575431 43 48 12580
16575431 43 48 12582
16575461 43 48 12591
16575461 43 48 12593
16575481 43 48 12592
16575481 43 48 12608
16575501 43 48 12597
16575521 43 48 12599
16575551 43 48 12584
16575551 43 48 12589
16575571 43 48 12574
16575571 43 48 12580
16575591 43 48 12590
16575611 43 48 12584
16575631 43 48 12584
16575631 43 48 12590
16575661 43 48 12586
16575661 43 48 12581
16575681 43 48 12588
16575681 43 48 12591
16575701 43 48 12596
16575731 43 48 12606
16575761 43 48 12591
16575761 43 48 12593
16575781 43 48 12592
16575781 43 48 12597
16575801 43 48 12590
16575821 43 48 12603
16575841 43 48 12583
16575871 43 48 12589
16575871 43 48 12595
16575891 43 48 12593
16575891 43 48 12606
16575911 43 48 12601
16575931 43 48 12600
16575961 43 48 12595
16575961 43 48 12605
16575981 43 48 12590
16575981 43 48 12586
16576001 43 48 12594
16576021 43 48 12587
16576041 43 48 12593
16576041 43 48 12600
16576071 43 48 12588
16576071 43 48 12581
16576091 43 48 12599
16576091 43 48 12579
16576111 43 48 12602
16576131 43 48 12601
16576161 43 48 12605
16576161 43 48 12596
16576181 43 48 12597
16576181 43 48 12587
16576201 43 48 12605
16576221 43 48 12600
16576241 43 48 12605
16576241 43 48 12588
16576281 43 48 12602
16576281 43 48 12585
16576301 43 48 12599
16576301 43 48 12594
16576321 43 48 12587
16576341 43 48 12597
16576371 43 48 12602
16576371 43 48 12604
16576391 43 48 12599
16576391 43 48 12602
16576411 43 48 12584
16576431 43 48 12594
16576451 43 48 12582
16576451 43 48 12588
16576481 43 48 12599
16576481 43 48 12593
16576501 43 48 12581
16576501 43 48 12592
16576521 43 48 12584
16576541 43 48 12576
16576571 43 48 12585
16576571 43 48 12590
16576591 43 48 12581
16576591 43 48 12588
16576611 43 48 12604
16576631 43 48 12592
16576651 43 48 12600
16576651 43 48 12612
16576681 43 48 12606
16576681 43 48 12606
16576701 43 48 12603
16576701 43 48 12615
16576721 43 48 12591
16576741 43 48 12582
16576771 43 48 12595
16576771 43 48 12581
16576791 43 48 12585
16576791 43 48 12590
16576821 43 48 12588
16576841 43 48 12575
16576861 43 48 12584
16576861 43 48 12585
16576891 43 48 12583
16576891 43 48 12583
16576911 43 48 12590
16576911 43 48 12590
16576931 43 48 12598
16576951 43 48 12602
16576981 43 48 12595
16576981 43 48 12598
16577001 43 48 12596
16577001 43 48 12603
16577021 43 48 12594
16577041 43 48 12592
16577061 43 48 12585
16577061 43 48 12594
16577091 43 48 12586
16577091 43 48 12587
16577111 43 48 12586
16577111 43 48 12582
16577131 43 48 12589
16577151 43 48 12597
16577181 43 48 12586
16577181 43 48 12578
16577201 43 48 12581
16577201 43 48 12583
16577221 43 48 12590
16577241 43 48 12620
16577261 43 48 12594
16577261 43 48 12594
16577291 43 48 12596
16577291 43 48 12594
16577311 43 48 12598
16577311 43 48 12591
16577331 43 48 12603
16577361 43 48 12605
16577381 43 48 12597
16577381 43 48 12604
16577411 43 48 12589
16577411 43 48 12593
16577431 43 48 12589
16577451 43 48 12592
16577471 43 48 12596
16577471 43 48 12593
16577501 43 48 12587
16577501 43 48 12602
16577521 43 48 12593
16577521 43 48 12608
16577541 43 48 12610
16577561 43 48 12607
16577591 43 48 12586
16577591 43 48 12593
16577611 43 48 12577
16577611 43 48 12581
16577631 43 48 12576
16577651 43 48 12587
16577671 43 48 12582
16577671 43 48 12593
16577701 43 48 12589
16577701 43 48 12598
16577721 43 48 12597
16577721 43 48 12600
16577741 43 48 12598
16577761 43 48 12596
16577791 43 48 12590
16577791 43 48 12603
16577811 43 48 12613
16577811 43 48 12600
16577831 43 48 12605
16577851 43 48 12606
16577871 43 48 12608
16577871 43 48 12604
16577911 43 48 12593
16577911 43 48 12598
16577931 43 48 12594
16577931 43 48 12597
16577951 43 48 12593
16577971 43 48 12599
16578001 43 48 12596
16578001 43 48 12585
16578021 43 48 12598
16578021 43 48 12583
16578041 43 48 12584
16578061 43 48 12577
16578081 43 48 12594
16578081 43 48 12585
16578111 43 48 12605
16578111 43 48 12588
16578131 43 48 12598
16578131 43 48 12595
16578151 43 48 12593
16578171 43 48 12596
16578201 43 48 12600
16578201 43 48 12595
16578221 43 48 12602
16578221 43 48 12598
16578241 43 48 12602
16578261 43 48 12601
16578281 43 48 12604
16578281 43 48 12604
16578311 43 48 12605
16578311 43 48 12610
16578331 43 48 12604
16578331 43 48 12603
16578351 43 48 12595
16578371 43 48 12591
16578401 43 48 12589
16578401 43 48 12587
16578421 43 48 12598
16578421 43 48 12591
16578451 43 48 12602
16578471 43 48 12596
16578491 43 48 12596
16578491 43 48 12604
16578521 43 48 12591
16578521 43 48 12592
16578541 43 48 12602
16578541 43 48 12605
16578561 43 48 12607
16578581 43 48 12594
16578611 43 48 12587
16578611 43 48 12573
16578631 43 48 12594
16578631 43 48 12592
16578651 43 48 12602
16578671 43 48 12596
16578691 43 48 12598
16578691 43 48 12599
16578721 43 48 12611
16578721 43 48 12597
16578741 43 48 12588
16578741 43 48 12588
16578761 43 48 12592
16578781 43 48 12579
16578811 43 48 12589
16578811 43 48 12594
16578831 43 48 12572
16578831 43 48 12584
16578851 43 48 12587
16578871 43 48 12597
16578891 43 48 12592
16578891 43 48 12592
16578921 43 48 12585
16578921 43 48 12596
16578941 43 48 12595
16578941 43 48 12583
16578961 43 48 12589
16578981 43 48 12586
16579021 43 48 12599
16579021 43 48 12590
16579041 43 48 12584
16579041 43 48 12585
16579061 43 48 12587
16579081 43 48 12587
16579101 43 48 12589
16579101 43 48 12595
16579131 43 48 12600
16579131 43 48 12574
16579151 43 48 12584
16579151 43 48 12590
16579171 43 48 12604
16579191 43 48 12593
16579221 43 48 12583
16579221 43 48 12591
16579241 43 48 12598
16579241 43 48 12588
16579261 43 48 12598
16579281 43 48 12597
16579301 43 48 12602
16579301 43 48 12595
16579331 43 48 12597
16579331 43 48 12593
16579351 43 48 12590
16579351 43 48 12597
16579371 43 48 12609
16579391 43 48 12584
16579421 43 48 12577
16579421 43 48 12588
16579441 43 48 12607
16579441 43 48 12589
16579461 43 48 12598
16579481 43 48 12588
16579501 43 48 12582
16579501 43 48 12590
16579541 43 48 12595
16579541 43 48 12592
16579561 43 48 12590
16579561 43 48 12593
16579581 43 48 12598
16579601 43 48 12585
16579631 43 48 12588
16579631 43 48 12584
16579651 43 48 12578
16579651 43 48 12574
16579671 43 48 12565
16579691 43 48 12582
16579711 43 48 12573
16579711 43 48 12578
16579741 43 48 12581
16579741 43 48 12579
16579761 43 48 12568
16579761 43 48 12588
16579781 43 48 12585
16579801 43 48 12580
16579831 43 48 12580
16579831 43 48 12579
16579851 43 48 12572
16579851 43 48 12569
16579871 43 48 12569
16579891 43 48 12577
16579911 43 48 12583
16579911 43 48 12584
16579941 43 48 12587
16579941 43 48 12588
16579961 43 48 12586
16579961 43 48 12580
16579981 43 48 12578
16580001 43 48 12571
16580031 43 48 12596
16580031 43 48 12588
16580051 43 48 12593
16580051 43 48 12599
16580071 43 48 12590
16580101 43 48 12580
16580121 43 48 12574
16580121 43 48 12577
16580151 43 48 12572
16580151 43 48 12576
16580171 43 48 12592
16580171 43 48 12591
16580191 43 48 12575
16580211 43 48 12584
16580241 43 48 12590
16580241 43 48 12590
16580261 43 48 12588
16580261 43 48 12590
16580281 43 48 12587
16580301 43 48 12586
16580321 43 48 12584
16580321 43 48 12584
16580351 43 48 12575
16580351 43 48 12583
16580371 43 48 12592
16580371 43 48 12593
16580391 43 48 12587
16580411 43 48 12589
16580441 43 48 12590
16580441 43 48 12579
16580461 43 48 12586
16580461 43 48 12591
16580481 43 48 12589
16580501 43 48 12571
16580521 43 48 12581
16580521 43 48 12582
16580551 43 48 12581
16580551 43 48 12590
16580571 43 48 12589
16580591 43 48 12582
16580621 43 48 12594
16580651 43 48 12596
16580651 43 48 12591
16580661 43 48 12588
16580661 43 48 12583
16580691 43 48 12591
16580711 43 48 12590
16580731 43 48 12580
16580731 43 48 12588
16580761 43 48 12591
16580761 43 48 12586
16580781 43 48 12599
16580781 43 48 12585
16580801 43 48 12593
16580821 43 48 12582
16580851 43 48 12582
16580851 43 48 12583
16580871 43 48 12591
16580871 43 48 12583
16580891 43 48 12566
16580911 43 48 12578
16580931 43 48 12575
16580931 43 48 12577
16580961 43 48 12579
16580961 43 48 12564
16580981 43 48 12563
16580981 43 48 12572
16581001 43 48 12577
16581021 43 48 12578
16581051 43 48 12564
16581051 43 48 12580
16581071 43 48 12571
16581071 43 48 12570
16581091 43 48 12576
16581111 43 48 12576
16581131 43 48 12570
16581131 43 48 12584
16581161 43 48 12584
16581161 43 48 12585
16581191 43 48 12582
16581191 43 48 12583
16581201 43 48 12581
16581231 43 48 12576
16581261 43 48 12579
16581261 43 48 12572
16581281 43 48 12587
16581281 43 48 12581
16581301 43 48 12569
16581321 43 48 12583
16581341 43 48 12588
16581341 43 48 12588
16581371 43 48 12576
16581371 43 48 12584
16581391 43 48 12574
16581391 43 48 12581
16581411 43 48 12570
16581431 43 48 12584
16581461 43 48 12580
16581461 43 48 12569
16581481 43 48 12573
16581481 43 48 12568
16581501 43 48 12574
16581521 43 48 12579
16581541 43 48 12578
16581541 43 48 12586
16581571 43 48 12584
16581571 43 48 12581
16581591 43 48 12577
16581591 43 48 12578
16581611 43 48 12578
16581631 43 48 12570
16581661 43 48 12575
16581661 43 48 12574
16581681 43 48 12575
16581681 43 48 12578
16581701 43 48 12570
16581731 43 48 12577
16581751 43 48 12580
16581751 43 48 12572
16581771 43 48 12568
16581771 43 48 12576
16581801 43 48 12576
16581801 43 48 12578
16581821 43 48 12562
16581841 43 48 12583
16581871 43 48 12571
16581871 43 48 12564
16581891 43 48 12577
16581891 43 48 12568
16581911 43 48 12584
16581931 43 48 12564
16581951 43 48 12575
16581951 43 48 12574
16581981 43 48 12579
16581981 43 48 12586
16582001 43 48 12584
16582021 43 48 12569
16582041 43 48 12589
16582071 43 48 12574
16582071 43 48 12593
16582091 43 48 12583
16582091 43 48 12593
16582111 25 48 12590
16582131 25 48 12579
16582151 23 48 12572
16582151 23 48 12580
16582181 23 48 12587
16582201 23 48 12584
16582201 23 48 12591
16582221 23 48 12567
16582241 23 48 12584
16582271 23 48 12600
16582271 23 48 12588
16582291 23 48 12599
16582291 23 48 12599
16582311 23 48 12593
16582341 23 48 12606
16582361 23 48 12617
16582361 23 48 12618
16582391 23 48 12616
16582391 23 48 12612
16582411 23 48 12608
16582411 23 48 12619
16582431 23 48 12608
16582451 23 48 12609
16582481 23 48 12616
16582481 23 48 12627
16582501 23 48 12650
16582501 23 48 12630
16582521 23 48 12641
16582541 23 48 12624
16582561 23 48 12624
16582561 23 48 12628
16582591 23 48 12611
16582591 23 48 12597
16582611 20 48 12556
16582611 20 48 12489
16582631 20 48 12290
16582651 20 48 12126
16582681 20 46 12176
16582681 20 45 12378
16582701 20 44 12507
16582701 20 44 12496
16582721 20 43 12502
16582741 20 41 12575
16582761 20 39 12862
16582761 20 38 13173
16582791 20 37 13702
16582791 20 35 14782
16582811 20 33 15524
16582811 20 32 15843
16582841 20 30 13712
16582851 20 20 1866
16582891 20 19 1983
16582891 20 19 2054
16582911 20 18 2110
16582911 20 17 2169
16582931 20 18 2213
16582951 20 17 2254
16582971 20 17 2280
16582971 20 17 2273
16583001 20 18 2279
16583001 20 18 2275
16583021 20 18 2275
16583021 20 17 2275
16583041 20 18 2278
16583061 20 17 2271
16583091 20 18 2264
16583091 20 17 2270
16583111 20 17 2271
16583111 20 17 2269
16583131 20 17 2270
16583151 20 17 2268
16583171 20 17 2268
16583171 20 17 2267
16583201 20 18 2263
16583201 20 18 2275
16583221 20 18 2281
16583221 20 18 2274
16583241 20 17 2281
16583261 20 17 2294
16583291 20 17 2281
16583291 20 18 2280
16583311 20 17 2284
16583311 20 17 2282
16583331 20 18 2284
16583351 20 18 2283
16583381 20 17 2280
16583381 20 18 2274
16583401 20 18 2273
16583401 20 17 2276
16583431 20 18 2266
16583431 20 17 2270
16583451 20 18 2272
16583471 20 17 2274
16583501 20 18 2266
16583501 20 18 2269
16583521 20 18 2267
16583521 20 17 2263
16583541 20 17 2264
16583561 20 17 2269
16583581 20 18 2265
16583581 20 17 2272
16583611 20 17 2279
16583611 20 17 2278
16583631 20 18 2284
16583631 20 17 2285
16583651 20 16 2281
16583671 20 17 2280
16583701 20 18 2288
16583701 20 18 2288
16583721 20 17 2290
16583721 20 17 2279
16583741 20 17 2280
16583761 20 18 2278
16583781 20 17 2284
16583781 20 18 2270
16583811 20 18 2284
16583811 20 18 2269
16583831 20 17 2269
16583831 20 17 2268
16583851 20 18 2268
16583871 20 17 2261
16583901 20 17 2258
16583901 20 17 2260
16583931 20 18 2247
16583931 20 18 2246
16583941 20 18 2248
16583971 20 17 2253
16583991 20 18 2247
16583991 20 17 2248
16584021 20 17 2248
16584021 20 17 2255
16584041 20 17 2245
16584041 20 17 2252
16584061 20 17 2257
16584081 20 17 2250
16584111 20 18 2251
16584111 20 18 2253
16584131 20 17 2250
16584131 20 17 2250
16584151 20 18 2263
16584171 20 18 2267
16584191 20 18 2262
16584191 20 18 2274
16584221 20 18 2278
16584221 20 18 2281
16584241 20 17 2275
16584241 20 18 2280
16584261 20 18 2282
16584281 20 18 2280
16584311 20 17 2273
16584311 20 17 2270
16584331 20 18 2266
16584331 20 18 2268
16584351 20 18 2269
16584391 20 18 2276
16584391 20 17 2272
16584421 20 18 2272
16584421 20 18 2269
16584441 20 18 2280
16584441 20 17 2271
16584461 20 17 2279
16584481 20 17 2283
16584521 20 18 2284
16584521 20 17 2279
16584541 20 18 2288
16584541 20 18 2277
16584561 20 17 2276
16584581 20 17 2281
16584601 20 18 2285
16584601 20 18 2283
16584631 20 18 2280
16584631 20 17 2283
16584651 20 17 2284
16584651 20 17 2284
16584671 20 18 2279
16584691 20 18 2277
16584721 20 18 2273
16584721 20 18 2272
16584741 20 17 2274
16584741 20 18 2278
16584761 20 18 2271
16584781 20 18 2269
16584801 20 18 2273
16584831 20 16 2282
16584831 20 17 2282
16584851 20 18 2277
16584851 20 18 2274
16584871 20 17 2278
16584891 20 17 2269
16584921 20 18 2269
16584921 20 18 2264
16584941 20 18 2261
16584941 20 18 2261
16584961 20 17 2253
16584981 20 18 2250
16585001 20 17 2256
16585001 20 17 2254
16585031 20 18 2247
16585031 20 18 2253
16585061 20 17 2250
16585061 20 17 2250
16585081 20 17 2258
16585101 20 18 2268
16585131 20 18 2263
16585131 20 17 2273
16585151 20 17 2276
16585151 20 17 2268
16585171 20 17 2274
16585191 20 18 2268
16585211 20 17 2284
16585211 20 17 2276
16585241 20 18 2277
16585241 20 17 2275
16585261 20 17 2283
16585261 20 17 2278
16585281 20 18 2270
16585301 20 18 2267
16585331 20 18 2258
16585331 20 18 2241
16585351 20 18 2237
16585351 20 18 2223
16585371 23 18 2187
16585391 23 18 2146
16585411 23 18 2093
16585411 23 19 2077
16585441 23 18 2055
16585441 23 20 2031
16585461 23 19 2002
16585461 23 20 1973
16585481 23 20 1901
16585511 23 23 1811
16585531 23 23 1702
16585531 23 25 1641
16585561 23 25 1594
16585561 23 27 1533
16585581 43 29 1446
16585601 43 38 13196
16585621 43 41 12721
16585621 43 42 12570
16585651 43 44 12383
16585651 43 45 12065
16585671 43 47 12333
16585691 43 48 12617
16585711 43 48 12784
16585741 43 48 12785
16585741 43 48 12783
16585761 43 48 12760
16585761 43 48 12755
16585781 43 48 12751
16585801 43 48 12752
16585821 43 48 12748
16585821 43 48 12733
16585851 43 48 12734
16585851 43 48 12734
16585871 43 48 12729
16585871 43 48 12739
16585891 43 48 12745
16585911 43 48 12742
16585941 43 48 12746
16585941 43 48 12739
16585961 25 48 12737
16585961 25 48 12734
16585981 25 48 12731
16586001 25 48 12737
16586021 25 48 12733
16586021 25 48 12729
16586051 25 48 12717
16586051 25 48 12731
16586071 25 48 12737
16586071 25 48 12734
16586091 25 48 12738
16586121 25 48 12731
16586151 43 48 12738
16586151 43 48 12739
16586171 43 48 12731
16586171 43 48 12733
16586191 43 48 12718
16586211 43 48 12722
16586231 43 48 12728
16586231 43 48 12715
16586261 43 48 12723
16586261 43 48 12708
16586281 43 48 12716
16586281 43 48 12703
16586301 43 48 12699
16586321 43 48 12712
16586351 43 48 12719
16586351 43 48 12721
16586371 43 48 12721
16586371 43 48 12723
16586391 43 48 12717
16586411 43 48 12707
16586431 43 48 12706
16586431 43 48 12714
16586461 43 48 12704
16586461 43 48 12706
16586481 43 48 12703
16586481 43 48 12695
16586501 43 48 12701
16586521 43 48 12695
16586551 43 48 12699
16586551 43 48 12697
16586571 43 48 12701
16586571 43 48 12692
16586591 43 48 12700
16586611 43 48 12702
16586631 43 48 12691
16586631 43 48 12698
16586671 43 48 12707
16586671 43 48 12696
16586691 43 48 12690
16586691 43 48 12695
16586711 43 48 12691
16586731 43 48 12691
16586761 43 48 12698
16586761 43 48 12699
16586781 43 48 12694
16586781 43 48 12701
16586801 43 48 12686
16586821 43 48 12696
16586841 43 48 12690
16586841 43 48 12685
16586871 43 48 12686
16586871 43 48 12679
16586891 43 48 12676
16586891 43 48 12687
16586911 43 48 12673
16586931 43 48 12671
16586961 43 48 12672
16586961 43 48 12669
16586981 43 48 12661
16586981 43 48 12666
16587001 43 48 12667
16587021 43 48 12661
16587041 43 48 12664
16587041 43 48 12667
16587071 43 48 12669
16587071 43 48 12667
16587091 43 48 12678
16587091 43 48 12676
16587111 43 48 12672
16587141 43 48 12672
16587161 43 48 12672
16587181 43 48 12665
16587181 43 48 12664
16587211 43 48 12666
16587231 43 48 12664
16587251 43 48 12668
16587251 43 48 12670
16587281 43 48 12670
16587281 43 48 12666
16587301 43 48 12659
16587301 43 48 12665
16587321 43 48 12667
16587341 43 48 12657
16587371 43 48 12656
16587371 43 48 12657
16587391 43 48 12657
16587391 43 48 12647
16587411 43 48 12656
16587431 43 48 12657
16587451 43 48 12658
16587451 43 48 12677
16587481 43 48 12656
16587481 43 48 12644
16587501 43 48 12665
16587501 43 48 12663
16587521 43 48 12667
16587541 43 48 12660
16587571 43 48 12649
16587571 43 48 12648
16587591 43 48 12640
16587591 43 48 12648
16587611 43 48 12649
16587631 43 48 12654
16587651 43 48 12650
16587651 43 48 12657
16587681 43 48 12661
16587681 43 48 12657
16587701 43 48 12656
16587701 43 48 12656
16587721 43 48 12646
16587751 43 48 12654
16587781 43 48 12665
16587781 43 48 12642
16587801 43 48 12641
16587801 43 48 12639
16587821 43 48 12650
16587841 43 48 12645
16587861 43 48 12650
16587861 43 48 12645
16587891 43 48 12644
16587891 43 48 12633
16587911 43 48 12645
16587911 43 48 12641
16587931 43 48 12643
16587951 43 48 12645
16587981 43 48 12650
16587981 43 48 12641
16588001 43 48 12649
16588001 43 48 12655
16588021 43 48 12652
16588041 43 48 12668
16588061 43 48 12660
16588061 43 48 12654
16588091 43 48 12641
16588091 43 48 12630
16588111 43 48 12641
16588111 43 48 12628
16588131 43 48 12618
16588151 43 48 12622
16588181 43 48 12619
16588181 43 48 12634
16588201 43 48 12621
16588201 43 48 12622
16588221 43 48 12630
16588241 43 48 12641
16588261 43 48 12626
16588261 43 48 12645
16588291 43 48 12629
16588291 43 48 12629
16588321 43 48 12625
16588321 43 48 12635
16588341 43 48 12626
16588361 43 48 12634
16588391 43 48 12623
16588391 43 48 12626
16588411 43 48 12635
16588411 43 48 12621
16588431 43 48 12624
16588451 43 48 12620
16588471 43 48 12625
16588471 43 48 12635
16588501 43 48 12618
16588501 43 48 12619
16588521 43 48 12629
16588521 43 48 12631
16588541 43 48 12627
16588561 43 48 12614
16588591 43 48 12614
16588591 43 48 12609
16588611 43 48 12606
16588611 43 48 12611
16588631 43 48 12618
16588651 43 48 12611
16588671 43 48 12612
16588671 43 48 12631
16588701 43 48 12622
16588701 43 48 12639
16588721 43 48 12640
16588721 43 48 12642
16588741 43 48 12642
16588761 43 48 12647
16588791 43 48 12643
16588791 43 48 12638
16588811 43 48 12625
16588811 43 48 12643
16588831 43 48 12648
16588861 43 48 12636
16588861 43 48 12637
16588871 43 48 12643
16588881 43 48 12633
16588901 43 48 12656
16588901 43 48 12638
16588931 43 48 12636
16588931 43 48 12628
16588951 43 48 12623
16588971 43 48 12624
16589001 43 48 12622
16589001 43 48 12612
16589021 43 48 12628
16589021 43 48 12613
16589041 43 48 12612
16589061 43 48 12628
16589081 43 48 12607
16589081 43 48 12614
16589111 43 48 12618
16589111 43 48 12619
16589131 43 48 12614
16589131 43 48 12631
16589151 43 48 12621
16589171 43 48 12610
16589201 43 48 12622
16589201 43 48 12628
16589221 43 48 12629
16589221 43 48 12623
16589241 43 48 12629
16589261 43 48 12627
16589281 43 48 12627
16589281 43 48 12632
16589311 43 48 12646
16589311 43 48 12642
16589331 43 48 12639
16589331 43 48 12626
16589351 43 48 12635
16589371 43 48 12633
16589401 43 48 12637
16589401 43 48 12608
16589421 43 48 12629
16589421 43 48 12623
16589451 43 48 12627
16589471 43 48 12619
16589491 43 48 12631
16589491 43 48 12631
16589521 43 48 12615
16589521 43 48 12621
16589541 43 48 12620
16589541 43 48 12633
16589561 43 48 12628
16589581 43 48 12635
16589611 43 48 12632
16589611 43 48 12626
16589631 43 48 12619
16589631 43 48 12619
16589651 43 48 12623
16589671 43 48 12628
16589691 43 48 12637
16589691 43 48 12626
16589721 43 48 12618
16589721 43 48 12612
16589741 43 48 12632
16589741 43 48 12625
16589761 43 48 12641
16589781 43 48 12629
16589811 43 48 12625
16589811 43 48 12634
16589831 43 48 12631
16589831 43 48 12631
16589851 43 48 12627
16589871 43 48 12622
16589891 43 48 12633
16589891 43 48 12634
16589921 43 48 12615
16589921 43 48 12613
16589941 43 48 12612
16589941 43 48 12606
16589961 43 48 12616
16589981 43 48 12614
16590021 43 48 12597
16590021 43 48 12610
16590041 43 48 12619
16590041 43 48 12621
16590061 43 48 12620
16590081 43 48 12618
16590101 43 48 12613
16590101 43 48 12606
16590131 43 48 12619
16590131 43 48 12623
16590151 43 48 12617
16590151 43 48 12611
16590171 43 48 12611
16590191 43 48 12618
16590221 43 48 12614
16590221 43 48 12623
16590241 43 48 12632
16590241 43 48 12632
16590261 43 48 12629
16590281 43 48 12633
16590301 43 48 12622
16590301 43 48 12625
16590331 43 48 12630
16590331 43 48 12636
16590351 43 48 12627
16590351 43 48 12629
16590371 43 48 12623
16590391 43 48 12613
16590421 43 48 12613
16590421 43 48 12630
16590441 43 48 12626
16590441 43 48 12624
16590461 43 48 12618
16590481 43 48 12599
16590501 43 48 12613
16590501 43 48 12615
16590531 43 48 12612
16590531 43 48 12612
16590561 43 48 12624
16590561 43 48 12615
16590581 43 48 12614
16590601 43 48 12625
16590631 43 48 12614
16590631 43 48 12621
16590651 43 48 12619
16590651 43 48 12602
16590671 43 48 12605
16590691 43 48 12632
16590711 43 48 12619
16590711 43 48 12617
16590741 43 48 12627
16590741 43 48 12625
16590761 43 48 12619
16590761 43 48 12604
16590781 43 48 12625
16590801 43 48 12616
16590831 43 48 12610
16590831 43 48 12615
16590851 43 48 12619
16590851 43 48 12606
16590871 43 48 12600
16590891 43 48 12604
16590911 43 48 12614
16590911 43 48 12610
16590941 43 48 12606
16590941 43 48 12603
16590961 43 48 12595
16590961 43 48 12597
16590981 43 48 12613
16591001 43 48 12610
16591031 43 48 12614
16591031 43 48 12609
16591051 43 48 12604
16591051 43 48 12616
16591071 43 48 12611
16591101 43 48 12612
16591121 43 48 12615
16591121 43 48 12605
16591151 43 48 12605
16591151 43 48 12617
16591171 43 48 12613
16591171 43 48 12611
16591191 43 48 12620
16591211 43 48 12631
16591241 43 48 12615
16591241 43 48 12621
16591261 43 48 12626
16591261 43 48 12616
16591281 43 48 12614
16591301 43 48 12603
16591321 43 48 12605
16591321 43 48 12614
16591351 43 48 12615
16591351 43 48 12611
16591371 43 48 12616
16591371 43 48 12613
16591391 43 48 12606
16591411 43 48 12599
16591441 43 48 12619
16591441 43 48 12622
16591461 43 48 12615
16591461 43 48 12619
16591481 43 48 12627
16591501 43 48 12623
16591521 43 48 12626
16591521 43 48 12627
16591551 43 48 12628
16591551 43 48 12630
16591571 43 48 12617
16591571 43 48 12627
16591591 43 48 12618
16591611 43 48 12616
16591651 43 48 12632
16591651 43 48 12627
16591671 43 48 12623
16591671 43 48 12636
16591691 43 48 12620
16591711 43 48 12638
16591731 43 48 12618
16591731 43 48 12617
16591761 43 48 12620
16591761 43 48 12624
16591781 43 48 12624
16591781 43 48 12612
16591801 43 48 12619
16591821 43 48 12603
16591851 43 48 12626
16591851 43 48 12624
16591871 43 48 12621
16591871 43 48 12612
16591891 43 48 12609
16591911 43 48 12604
16591931 43 48 12612
16591931 43 48 12616
16591961 43 48 12611
16591961 43 48 12619
16591981 43 48 12618
16591981 43 48 12609
16592001 43 48 12611
16592021 43 48 12622
16592051 43 48 12616
16592051 43 48 12617
16592071 43 48 12615
16592071 43 48 12621
16592091 43 48 12603
16592111 43 48 12607
16592141 43 48 12597
16592141 43 48 12603
16592161 43 48 12586
16592161 43 48 12585
16592191 43 48 12594
16592191 43 48 12586
16592211 43 48 12580
16592231 43 48 12595
16592261 43 48 12602
16592261 43 48 12603
16592281 43 48 12607
16592281 43 48 12617
16592301 43 48 12604
16592321 43 48 12612
16592341 43 48 12601
16592341 43 48 12602
16592371 43 48 12598
16592371 43 48 12613
16592391 43 48 12599
16592391 43 48 12606
16592411 43 48 12605
16592431 43 48 12614
16592461 43 48 12602
16592461 43 48 12598
16592481 43 48 12600
16592481 43 48 12589
16592501 43 48 12615
16592521 43 48 12620
16592541 43 48 12618
16592541 43 48 12611
16592571 43 48 12618
16592571 43 48 12618
16592591 43 48 12612
16592591 43 48 12614
16592611 43 48 12615
16592631 43 48 12610
16592661 43 48 12615
16592661 43 48 12624
16592681 43 48 12618
16592681 43 48 12610
16592701 43 48 12620
16592721 43 48 12619
16592751 43 48 12620
16592751 43 48 12620
16592781 43 48 12610
16592781 43 48 12608
16592801 43 48 12614
16592801 43 48 12612
16592821 43 48 12621
16592841 43 48 12614
16592871 43 48 12622
16592871 43 48 12610
16592891 43 48 12618
16592891 43 48 12610
16592911 43 48 12612
16592931 43 48 12608
16592951 43 48 12624
16592951 43 48 12628
16592981 43 48 12617
16592981 43 48 12621
16593001 43 48 12615
16593001 43 48 12613
16593021 43 48 12598
16593041 43 48 12610
16593071 43 48 12617
16593071 43 48 12614
16593091 43 48 12618
16593091 43 48 12616
16593111 43 48 12618
16593131 43 48 12616
16593151 43 48 12617
16593151 43 48 12609
16593181 43 48 12608
16593181 43 48 12614
16593201 43 48 12627
16593201 43 48 12624
16593221 43 48 12627
16593241 43 48 12622
16593281 43 48 12618
16593281 43 48 12613
16593301 43 48 12602
16593301 43 48 12612
16593321 43 48 12605
16593341 43 48 12592
16593361 43 48 12605
16593361 43 48 12605
16593391 43 48 12613
16593391 43 48 12621
16593411 43 48 12625
16593411 43 48 12629
16593431 43 48 12614
16593451 43 48 12624
16593481 43 48 12612
16593481 43 48 12604
16593501 43 48 12597
16593501 43 48 12615
16593521 43 48 12610
16593541 43 48 12623
16593561 43 48 12618
16593561 43 48 12606
16593591 43 48 12594
16593591 43 48 12604
16593611 43 48 12610
16593611 43 48 12618
16593631 43 48 12609
16593651 43 48 12598
16593681 43 48 12603
16593681 43 48 12611
16593701 43 48 12613
16593701 43 48 12612
16593721 43 48 12619
16593741 43 48 12622
16593761 43 48 12612
16593791 43 48 12611
16593791 43 48 12615
16593821 43 48 12624
16593821 43 48 12612
16593841 43 48 12603
16593861 43 48 12615
16593891 43 48 12598
16593891 43 48 12600
16593911 43 48 12596
16593911 43 48 12597
16593931 43 48 12607
16593951 43 48 12595
16593971 43 48 12606
16593971 43 48 12604
16594001 43 48 12606
16594001 43 48 12598
16594021 43 48 12603
16594021 43 48 12592
16594041 43 48 12597
16594061 43 48 12587
16594091 43 48 12591
16594091 43 48 12592
16594111 43 48 12589
16594111 43 48 12604
16594131 43 48 12604
16594151 43 48 12594
16594171 43 48 12604
16594171 43 48 12612
16594201 43 48 12613
16594201 43 48 12615
16594221 43 48 12614
16594221 43 48 12614
16594241 43 48 12613
16594261 43 48 12607
16594291 43 48 12607
16594291 43 48 12605
16594311 43 48 12604
16594311 43 48 12597
16594331 43 48 12595
16594361 43 48 12608
16594381 43 48 12601
16594381 43 48 12600
16594401 43 48 12601
16594401 43 48 12602
16594431 43 48 12599
16594431 43 48 12611
16594451 43 48 12608
16594471 43 48 12591
16594501 43 48 12605
16594501 43 48 12597
16594521 43 48 12597
16594521 43 48 12602
16594541 43 48 12606
16594561 43 48 12601
16594581 43 48 12590
16594581 43 48 12597
16594611 43 48 12602
16594611 43 48 12603
16594631 43 48 12600
16594631 43 48 12597
16594651 43 48 12601
16594671 43 48 12589
16594701 43 48 12590
16594701 43 48 12595
16594721 43 48 12589
16594721 43 48 12597
16594741 43 48 12595
16594761 43 48 12599
16594781 43 48 12604
16594781 43 48 12598
16594811 43 48 12594
16594811 43 48 12601
16594831 43 48 12592
16594831 43 48 12596
16594851 43 48 12595
16594871 43 48 12614
16594901 43 48 12600
16594901 43 48 12598
16594931 43 48 12605
16594931 43 48 12610
16594941 43 48 12595
16594971 43 48 12591
16594991 43 48 12592
16594991 43 48 12584
16595021 43 48 12597
16595021 43 48 12597
16595041 43 48 12598
16595041 43 48 12597
16595061 43 48 12599
16595081 43 48 12598
16595111 43 48 12622
16595111 43 48 12603
16595131 43 48 12594
16595131 43 48 12595
16595151 43 48 12602
16595171 43 48 12604
16595191 43 48 12613
16595191 43 48 12598
16595221 43 48 12599
16595221 43 48 12605
16595241 43 48 12608
16595261 43 48 12613
16595281 43 48 12609
16595311 43 48 12605
16595311 43 48 12604
16595331 43 48 12601
16595331 43 48 12605
16595351 43 48 12610
16595371 43 48 12585
16595391 43 48 12603
16595391 43 48 12602
16595421 43 48 12608
16595421 43 48 12615
16595441 43 48 12610
16595441 43 48 12604
16595471 43 48 12593
16595491 43 48 12600
16595511 43 48 12605
16595511 43 48 12607
16595541 43 48 12602
16595541 43 48 12605
16595561 43 48 12614
16595581 43 48 12598
16595601 43 48 12598
16595601 43 48 12611
16595631 43 48 12604
16595631 43 48 12594
16595651 43 48 12602
16595651 43 48 12596
16595671 43 48 12599
16595691 43 48 12580
16595721 43 48 12596
16595721 43 48 12601
16595741 43 48 12598
16595741 43 48 12609
16595761 43 48 12604
16595781 43 48 12608
16595801 43 48 12602
16595801 43 48 12601
16595831 43 48 12606
16595831 43 48 12599
16595851 43 48 12603
16595851 43 48 12601
16595871 43 48 12603
16595891 43 48 12601
16595921 43 48 12595
16595921 43 48 12608
16595941 43 48 12611
16595941 43 48 12596
16595961 43 48 12592
16595981 43 48 12593
16596011 43 48 12597
16596011 43 48 12588
16596041 43 48 12584
16596041 43 48 12599
16596051 43 48 12601
16596051 43 48 12591
16596081 43 48 12618
16596101 43 48 12598
16596131 43 48 12591
16596131 43 48 12605
16596151 43 48 12598
16596151 43 48 12607
16596171 43 48 12611
16596191 43 48 12619
16596211 43 48 12594
16596211 43 48 12599
16596241 43 48 12605
16596241 43 48 12603
16596261 43 48 12607
16596261 43 48 12595
16596281 43 48 12612
16596301 43 48 12596
16596331 43 48 12608
16596331 43 48 12611
16596351 43 48 12604
16596351 43 48 12615
16596371 43 48 12612
16596391 43 48 12620
16596411 43 48 12610
16596411 43 48 12598
16596441 43 48 12605
16596441 43 48 12603
16596461 43 48 12599
16596461 43 48 12616
16596481 43 48 12605
16596501 43 48 12599
16596531 43 48 12599
16596531 43 48 12611
16596551 43 48 12608
16596551 43 48 12599
16596571 43 48 12604
16596591 43 48 12600
16596621 43 48 12587
16596621 43 48 12599
16596651 43 48 12602
16596651 43 48 12600
16596671 43 48 12597
16596671 43 48 12606
16596691 43 48 12597
16596711 43 48 12594
16596741 43 48 12602
16596741 43 48 12594
16596761 43 48 12601
16596761 43 48 12598
16596781 43 48 12581
16596801 43 48 12587
16596821 43 48 12591
16596821 43 48 12585
16596851 43 48 12578
16596851 43 48 12584
16596871 43 48 12583
16596871 43 48 12596
16596891 43 48 12591
16596911 43 48 12591
16596941 43 48 12593
16596941 43 48 12608
16596961 43 48 12594
16596961 43 48 12595
16596981 43 48 12600
16597001 43 48 12586
16597021 43 48 12597
16597021 43 48 12583
16597051 43 48 12587
16597051 43 48 12580
16597071 43 48 12581
16597071 43 48 12593
16597091 43 48 12590
16597111 43 48 12589
16597141 43 48 12582
16597141 43 48 12582
16597171 43 48 12599
16597171 43 48 12586
16597191 43 48 12593
16597211 43 48 12595
16597231 43 48 12607
16597231 43 48 12592
16597261 43 48 12595
16597261 43 48 12607
16597281 43 48 12599
16597281 43 48 12585
16597301 43 48 12587
16597321 43 48 12596
16597351 43 48 12593
16597351 43 48 12599
16597371 43 48 12588
16597371 43 48 12603
16597391 43 48 12588
16597411 43 48 12597
16597431 43 48 12597
16597431 43 48 12600
16597461 43 48 12587
16597461 43 48 12608
16597481 43 48 12590
16597481 43 48 12599
16597501 43 48 12594
16597521 43 48 12573
16597551 43 48 12583
16597551 43 48 12586
16597571 43 48 12559
16597571 43 48 12584
16597591 43 48 12586
16597611 43 48 12575
16597641 43 48 12579
16597641 43 48 12581
16597661 43 48 12586
16597661 43 48 12597
16597681 43 48 12588
16597681 43 48 12575
16597711 43 48 12575
16597731 43 48 12587
16597761 43 48 12590
16597761 43 48 12591
16597781 43 48 12583
16597781 43 48 12584
16597801 43 48 12583
16597821 43 48 12584
16597841 43 48 12588
16597841 43 48 12596
16597871 43 48 12581
16597871 43 48 12578
16597891 43 48 12579
16597891 43 48 12577
16597911 43 48 12582
16597931 43 48 12618
16597961 43 48 12592
16597961 43 48 12593
16597981 43 48 12595
16597981 43 48 12591
16598001 43 48 12583
16598021 43 48 12582
16598041 43 48 12589
16598041 43 48 12594
16598071 43 48 12598
16598071 43 48 12593
16598091 43 48 12594
16598091 43 48 12590
16598111 43 48 12581
16598131 43 48 12597
16598161 43 48 12584
16598161 43 48 12595
16598181 43 48 12600
16598181 43 48 12598
16598201 43 48 12578
16598221 43 48 12584
16598251 43 48 12592
16598251 43 48 12586
16598281 43 48 12580
16598281 43 48 12582
16598301 43 48 12587
16598301 43 48 12593
16598321 43 48 12602
16598341 43 48 12596
16598371 43 48 12594
16598371 43 48 12592
16598391 43 48 12586
16598391 43 48 12590
16598411 43 48 12578
16598431 43 48 12578
16598451 43 48 12577
16598451 43 48 12585
16598481 43 48 12577
16598481 43 48 12600
16598501 43 48 12586
16598501 43 48 12584
16598521 43 48 12565
16598541 43 48 12568
16598571 43 48 12597
16598571 43 48 12591
16598591 43 48 12586
16598591 43 48 12586
16598611 43 48 12583
16598631 43 48 12582
16598651 43 48 12580
16598651 43 48 12585
16598681 43 48 12583
16598681 43 48 12575
16598701 43 48 12569
16598701 43 48 12587
16598721 43 48 12574
16598751 43 48 12570
16598771 43 48 12569
16598771 43 48 12563
16598791 43 48 12563
16598791 43 48 12560
16598821 43 48 12584
16598841 43 48 12589
16598861 43 48 12574
16598861 43 48 12573
16598891 43 48 12591
16598891 43 48 12581
16598911 43 48 12582
16598911 43 48 12580
16598931 43 48 12576
16598951 43 48 12564
16598981 43 48 12570
16598981 43 48 12570
16599001 43 48 12589
16599001 43 48 12569
16599021 43 48 12563
16599041 43 48 12579
16599061 43 48 12572
16599061 43 48 12573
16599091 43 48 12571
16599091 43 48 12575
16599111 43 48 12592
16599111 43 48 12581
16599131 43 48 12585
16599151 43 48 12585
16599181 43 48 12592
16599181 43 48 12585
16599201 43 48 12592
16599201 43 48 12591
16599221 43 48 12580
16599241 43 48 12587
16599261 43 48 12596
16599261 43 48 12599
16599291 43 48 12597
16599291 43 48 12597
16599311 43 48 12597
16599311 43 48 12598
16599331 43 48 12583
16599361 43 48 12587
16599391 43 48 12572
16599391 43 48 12575
16599411 43 48 12581
16599411 43 48 12595
16599431 43 48 12585
16599451 43 48 12578
16599471 43 48 12580
16599471 43 48 12585
16599501 43 48 12588
16599501 43 48 12594
16599521 43 48 12590
16599521 43 48 12582
16599541 43 48 12587
16599561 43 48 12583
16599591 43 48 12578
16599591 43 48 12576
16599611 43 48 12575
16599611 43 48 12572
16599631 43 48 12580
16599651 43 48 12594
16599671 43 48 12594
16599671 43 48 12589
16599701 43 48 12578
16599701 43 48 12577
16599721 43 48 12583
16599721 43 48 12575
16599741 43 48 12561
16599761 43 48 12554
16599791 43 48 12573
16599791 43 48 12560
16599811 43 48 12577
16599811 43 48 12583
16599831 43 48 12577
16599851 43 48 12587
16599871 43 48 12589
16599871 43 48 12589
16599911 43 48 12584
16599911 43 48 12583
16599931 43 48 12585
16599931 43 48 12589
16599951 43 48 12564
16599971 43 48 12581
