16388444 48 53 10557
16388444 48 53 10559
16388464 48 53 10565
16388464 48 53 10565
16388484 48 53 10561
16388504 48 53 10558
16388534 48 53 10556
16388534 48 53 10545
16388554 48 53 10556
16388554 48 53 10549
16388574 48 53 10569
16388594 48 53 10573
16388614 48 53 10572
16388614 48 53 10563
16388644 48 53 10562
16388644 48 53 10567
16388664 48 53 10566
16388664 48 53 10560
16388684 48 53 10563
16388704 48 53 10561
16388734 48 53 10561
16388734 48 53 10572
16388754 48 53 10564
16388754 48 53 10559
16388784 48 53 10558
16388804 48 53 10558
16388824 48 53 10552
16388824 48 53 10557
16388854 48 53 10554
16388854 48 53 10551
16388874 48 53 10573
16388874 48 53 10560
16388894 48 53 10554
16388914 48 53 10546
16388944 48 53 10561
16388944 48 53 10547
16388964 48 53 10560
16388964 48 53 10558
16388984 48 53 10559
16389004 48 53 10561
16389024 48 53 10555
16389024 48 53 10556
16389054 48 53 10558
16389054 48 53 10560
16389074 48 53 10558
16389074 48 53 10555
16389094 48 53 10561
16389114 48 53 10561
16389144 48 53 10550
16389144 48 53 10549
16389164 48 53 10551
16389164 48 53 10553
16389184 48 53 10553
16389204 48 53 10553
16389224 48 53 10546
16389224 48 53 10555
16389254 48 53 10560
16389254 48 53 10557
16389274 48 53 10560
16389274 48 53 10563
16389294 48 53 10561
16389324 48 53 10565
16389354 48 53 10559
16389354 48 53 10560
16389374 48 53 10553
16389374 48 53 10569
16389394 48 53 10571
16389414 48 53 10561
16389434 48 53 10568
16389434 48 53 10560
16389464 48 53 10560
16389464 48 53 10560
16389484 48 53 10564
16389484 48 53 10554
16389504 48 53 10541
16389524 48 53 10547
16389554 48 53 10554
16389554 48 53 10556
16389574 48 53 10552
16389574 48 53 10547
16389594 48 53 10546
16389614 48 53 10540
16389634 48 53 10550
16389634 48 53 10548
16389664 48 53 10556
16389664 48 53 10543
16389684 48 53 10551
16389684 48 53 10565
16389704 48 53 10555
16389724 48 53 10567
16389754 48 53 10560
16389754 48 53 10564
16389774 48 53 10559
16389774 48 53 10558
16389794 48 53 10553
16389814 48 53 10563
16389834 48 53 10562
16389834 48 53 10560
16389864 48 53 10562
16389864 48 53 10559
16389894 48 53 10561
16389894 48 53 10574
16389914 48 53 10546
16389934 48 53 10549
16389964 48 53 10553
16389964 48 53 10557
16389984 48 53 10548
16389984 48 53 10547
16390004 48 53 10552
16390024 48 53 10556
16390044 48 53 10556
16390044 48 53 10548
16390074 48 53 10548
16390074 48 53 10559
16390094 48 53 10550
16390094 48 53 10551
16390114 48 53 10541
16390134 48 53 10543
16390164 48 53 10544
16390164 48 53 10550
16390184 48 53 10558
16390184 48 53 10554
16390204 48 53 10556
16390224 48 53 10549
16390244 48 53 10548
16390244 48 53 10553
16390274 48 53 10555
16390274 48 53 10555
16390294 48 53 10552
16390294 48 53 10560
16390314 48 53 10560
16390334 48 53 10557
16390364 48 53 10572
16390364 48 53 10570
16390384 48 53 10571
16390384 48 53 10563
16390404 48 53 10548
16390434 48 53 10558
16390454 48 53 10558
16390454 48 53 10553
16390484 48 53 10556
16390484 48 53 10566
16390504 48 53 10566
16390504 48 53 10561
16390524 48 53 10552
16390544 48 53 10562
16390574 48 53 10557
16390574 48 53 10553
16390594 48 53 10559
16390594 48 53 10570
16390614 48 53 10554
16390634 48 53 10561
16390654 48 53 10564
16390654 48 53 10560
16390684 48 53 10552
16390684 48 53 10553
16390704 48 53 10554
16390704 48 53 10550
16390724 48 53 10549
16390744 48 53 10559
16390774 48 53 10545
16390774 48 53 10546
16390794 48 53 10553
16390794 48 53 10542
16390814 48 53 10556
16390834 48 53 10550
16390854 48 53 10545
16390854 48 53 10548
16390884 48 53 10548
16390884 48 53 10552
16390904 48 53 10547
16390904 48 53 10553
16390924 48 53 10550
16390944 48 53 10560
16390974 48 53 10564
16390974 48 53 10552
16391004 48 53 10559
16391004 48 53 10558
16391024 48 53 10550
16391044 48 53 10553
16391064 48 53 10553
16391064 48 53 10551
16391094 48 53 10565
16391094 48 53 10566
16391114 48 53 10553
16391114 48 53 10560
16391134 48 53 10556
16391154 48 53 10560
16391184 48 53 10557
16391184 48 53 10559
16391204 48 53 10551
16391204 48 53 10559
16391224 48 53 10565
16391244 48 53 10562
16391264 48 53 10553
16391264 48 53 10556
16391294 48 53 10560
16391294 48 53 10560
16391314 48 53 10567
16391314 48 53 10564
16391334 48 53 10556
16391354 48 53 10551
16391384 48 53 10552
16391384 48 53 10558
16391404 48 53 10566
16391404 48 53 10562
16391424 48 53 10552
16391444 48 53 10561
16391464 48 53 10560
16391464 48 53 10565
16391494 48 53 10562
16391494 48 53 10566
16391524 48 53 10562
16391544 48 53 10582
16391564 48 53 10562
16391594 48 53 10557
16391594 48 53 10566
16391614 48 53 10561
16391614 48 53 10558
16391634 48 53 10553
16391654 48 53 10533
16391674 48 53 10556
16391674 48 53 10558
16391704 48 53 10556
16391704 48 53 10552
16391724 48 53 10548
16391724 48 53 10551
16391744 48 53 10545
16391764 48 53 10542
16391794 48 53 10538
16391794 48 53 10548
16391814 48 53 10548
16391814 48 53 10546
16391834 48 53 10527
16391854 48 53 10531
16391874 48 53 10541
16391874 48 53 10528
16391904 48 53 10529
16391904 48 53 10541
16391924 48 53 10536
16391924 48 53 10524
16391944 48 53 10528
16391964 48 53 10525
16391994 48 53 10532
16391994 48 53 10539
16392014 48 53 10534
16392014 48 53 10551
16392034 48 53 10567
16392084 48 53 10548
16392084 48 53 10546
16392104 48 53 10564
16392104 48 53 10554
16392134 48 53 10545
16392134 48 53 10547
16392154 48 53 10548
16392174 48 53 10562
16392204 48 53 10569
16392204 48 53 10571
16392224 48 53 10570
16392224 48 53 10565
16392244 48 53 10565
16392264 48 53 10565
16392284 48 53 10569
16392284 48 53 10565
16392314 48 53 10558
16392314 48 53 10568
16392334 48 53 10572
16392334 48 53 10571
16392354 48 53 10573
16392374 48 53 10575
16392404 48 53 10557
16392404 48 53 10565
16392424 48 53 10569
16392424 48 53 10573
16392444 48 53 10553
16392464 48 53 10549
16392484 48 53 10535
16392484 48 53 10544
16392514 48 53 10551
16392514 48 53 10551
16392534 48 53 10562
16392534 48 53 10559
16392554 48 53 10549
16392574 48 53 10548
16392604 48 53 10567
16392604 48 53 10564
16392634 48 53 10573
16392634 48 53 10565
16392644 48 53 10547
16392674 48 53 10555
16392694 48 53 10552
16392694 48 53 10561
16392724 48 53 10568
16392724 48 53 10564
16392744 48 53 10547
16392744 48 53 10536
16392764 48 53 10577
16392784 48 53 10545
16392814 48 53 10544
16392814 48 53 10574
16392834 48 53 10586
16392834 48 53 10585
16392854 48 53 10559
16392874 48 53 10558
16392894 48 53 10569
16392894 48 53 10558
16392924 48 53 10566
16392924 48 53 10565
16392944 48 53 10579
16392944 48 53 10570
16392964 48 53 10559
16392984 48 53 10573
16393014 48 53 10561
16393014 48 53 10556
16393034 48 53 10560
16393034 48 53 10557
16393054 48 53 10556
16393074 48 53 10555
16393094 48 53 10543
16393094 48 53 10536
16393124 48 53 10549
16393124 48 53 10542
16393144 48 53 10532
16393144 48 53 10535
16393174 48 53 10547
16393184 48 53 10534
16393214 48 53 10542
16393214 48 53 10541
16393244 48 53 10540
16393244 48 53 10551
16393264 48 53 10537
16393284 48 53 10549
16393304 48 53 10540
16393304 48 53 10548
16393334 48 53 10548
16393334 48 53 10558
16393354 48 53 10547
16393354 48 53 10540
16393374 48 53 10551
16393394 48 53 10548
16393424 48 53 10551
16393424 48 53 10540
16393444 48 53 10556
16393444 48 53 10560
16393464 48 53 10566
16393484 48 53 10551
16393504 48 53 10535
16393504 48 53 10527
16393534 48 53 10519
16393534 48 53 10549
16393554 48 53 10556
16393554 48 53 10549
16393574 48 53 10541
16393594 48 53 10540
16393624 48 53 10546
16393624 48 53 10544
16393644 48 53 10531
16393644 48 53 10536
16393664 48 53 10531
16393684 48 53 10538
16393714 48 53 10533
16393714 48 53 10540
16393734 48 53 10545
16393734 48 53 10540
16393754 48 53 10540
16393754 48 53 10547
16393784 48 53 10540
16393804 48 53 10549
16393834 48 53 10530
16393834 48 53 10527
16393854 48 53 10528
16393854 48 53 10522
16393874 48 53 10524
16393894 48 53 10511
16393914 48 53 10534
16393914 48 53 10542
16393944 48 53 10543
16393944 48 53 10531
16393964 48 53 10538
16393964 48 53 10527
16393984 48 53 10550
16394004 48 53 10546
16394034 48 53 10562
16394034 48 53 10556
16394054 48 53 10551
16394054 48 53 10546
16394074 48 53 10566
16394094 48 53 10561
16394114 48 53 10553
16394114 48 53 10547
16394144 48 53 10561
16394144 48 53 10546
16394164 48 53 10550
16394164 48 53 10556
16394184 48 53 10550
16394204 48 53 10550
16394234 48 53 10541
16394234 48 53 10530
16394254 48 53 10532
16394254 48 53 10523
16394284 48 53 10536
16394294 48 53 10525
16394324 48 53 10538
16394324 48 53 10533
16394354 48 53 10538
16394354 48 53 10533
16394374 48 53 10533
16394374 48 53 10534
16394394 48 53 10536
16394414 48 53 10539
16394444 48 53 10540
16394444 48 53 10543
16394464 48 53 10551
16394464 48 53 10533
16394484 48 53 10543
16394504 48 53 10532
16394524 48 53 10531
16394524 48 53 10538
16394554 48 53 10533
16394554 48 53 10536
16394574 48 53 10542
16394574 48 53 10541
16394594 48 53 10538
16394614 48 53 10526
16394644 48 53 10538
16394644 48 53 10543
16394664 48 53 10537
16394664 48 53 10542
16394684 48 53 10552
16394704 48 53 10546
16394724 48 53 10529
16394724 48 53 10532
16394754 48 53 10523
16394754 48 53 10534
16394774 48 53 10523
16394774 48 53 10537
16394794 48 53 10538
16394824 48 53 10543
16394844 48 53 10545
16394844 48 53 10540
16394874 48 53 10532
16394874 48 53 10535
16394894 48 53 10537
16394914 48 53 10536
16394934 48 53 10539
16394934 48 53 10546
16394964 48 53 10533
16394964 48 53 10538
16394984 48 53 10542
16394984 48 53 10539
16395004 48 53 10535
16395024 48 53 10540
16395054 48 53 10521
16395054 48 53 10531
16395074 48 53 10532
16395074 48 53 10528
16395094 48 53 10528
16395114 48 53 10528
16395134 48 53 10536
16395134 48 53 10532
16395164 48 53 10549
16395164 48 53 10541
16395184 48 53 10536
16395184 48 53 10542
16395204 48 53 10534
16395224 48 53 10548
16395254 48 53 10545
16395254 48 53 10554
16395274 48 53 10551
16395274 48 53 10560
16395294 48 53 10552
16395314 48 53 10554
16395334 48 53 10547
16395334 48 53 10552
16395364 48 53 10545
16395364 48 53 10544
16395384 48 53 10548
16395384 48 53 10556
16395414 48 53 10546
16395434 48 53 10557
16395464 48 53 10544
16395464 48 53 10541
16395484 48 53 10543
16395484 48 53 10545
16395504 48 53 10552
16395524 48 53 10548
16395544 48 53 10546
16395544 48 53 10561
16395574 48 53 10555
16395574 48 53 10550
16395594 48 53 10543
16395594 48 53 10553
16395614 48 53 10539
16395634 48 53 10552
16395664 48 53 10541
16395664 48 53 10549
16395684 48 53 10550
16395684 48 53 10548
16395704 48 53 10546
16395724 48 53 10565
16395744 48 53 10550
16395744 48 53 10557
16395774 48 53 10549
16395774 48 53 10537
16395794 48 53 10549
16395794 48 53 10569
16395814 48 53 10549
16395834 48 53 10555
16395864 48 53 10546
16395864 48 53 10548
16395884 48 53 10555
16395884 48 53 10549
16395904 48 53 10554
16395924 48 53 10550
16395954 48 53 10568
16395954 48 53 10570
16395984 48 53 10568
16395984 48 53 10556
16396004 48 53 10558
16396004 48 53 10557
16396024 48 53 10556
16396044 48 53 10559
16396074 48 53 10549
16396074 48 53 10555
16396094 48 53 10550
16396094 48 53 10551
16396114 48 53 10554
16396134 48 53 10552
16396154 48 53 10553
16396154 48 53 10551
16396184 48 53 10545
16396184 48 53 10533
16396204 48 53 10547
16396204 48 53 10551
16396224 48 53 10545
16396244 48 53 10536
16396274 48 53 10538
16396274 48 53 10542
16396294 48 53 10544
16396294 48 53 10551
16396314 48 53 10553
16396334 48 53 10555
16396354 48 53 10567
16396354 48 53 10567
16396384 48 53 10569
16396384 48 53 10575
16396404 48 53 10569
16396404 48 53 10562
16396424 48 53 10547
16396454 48 53 10555
16396484 48 53 10556
16396484 48 53 10559
16396504 48 53 10544
16396504 48 53 10553
16396524 48 53 10561
16396544 48 53 10564
16396564 48 53 10550
16396564 48 53 10553
16396594 48 53 10558
16396594 48 53 10547
16396614 48 53 10551
16396614 48 53 10549
16396634 48 53 10547
16396654 48 53 10537
16396684 48 53 10538
16396684 48 53 10542
16396704 48 53 10542
16396704 48 53 10536
16396724 48 53 10544
16396744 48 53 10542
16396764 48 53 10551
16396764 48 53 10554
16396794 48 53 10552
16396794 48 53 10550
16396814 48 53 10556
16396814 48 53 10561
16396834 48 53 10554
16396854 48 53 10547
16396884 48 53 10539
16396884 48 53 10543
16396904 48 53 10546
16396904 48 53 10551
16396924 48 53 10557
16396954 48 53 10555
16396964 48 53 10549
16396964 48 53 10546
16397004 48 53 10543
16397004 48 53 10548
16397024 48 53 10544
16397024 48 53 10540
16397044 48 53 10551
16397064 48 53 10547
16397094 48 53 10535
16397094 48 53 10536
16397114 48 53 10536
16397114 48 53 10539
16397134 48 53 10549
16397154 48 53 10530
16397174 48 53 10533
16397174 48 53 10536
16397204 48 53 10537
16397204 48 53 10527
16397224 48 53 10524
16397224 48 53 10520
16397244 48 53 10529
16397264 48 53 10531
16397294 48 53 10522
16397294 48 53 10529
16397314 48 53 10533
16397314 48 53 10518
16397334 48 53 10520
16397354 48 53 10525
16397374 48 53 10524
16397374 48 53 10526
16397404 48 53 10523
16397404 48 53 10524
16397424 48 53 10530
16397424 48 53 10532
16397444 48 53 10537
16397464 48 53 10532
16397494 48 53 10536
16397494 48 53 10534
16397514 48 53 10539
16397514 48 53 10539
16397534 48 53 10549
16397564 48 53 10555
16397584 48 53 10557
16397584 48 53 10580
16397614 48 53 10579
16397614 48 53 10561
16397634 48 53 10582
16397634 48 53 10568
16397654 48 53 10566
16397674 48 53 10575
16397704 48 53 10565
16397704 48 53 10569
16397724 48 53 10579
16397724 48 53 10577
16397744 48 53 10565
16397764 48 53 10578
16397784 48 53 10587
16397784 48 53 10587
16397814 48 53 10580
16397814 48 53 10582
16397834 48 53 10581
16397834 48 53 10579
16397854 48 53 10573
16397874 48 53 10553
16397904 48 53 10548
16397904 48 53 10541
16397924 48 53 10530
16397924 48 53 10521
16397944 48 53 10520
16397964 48 53 10509
16397984 48 53 10492
16397984 48 53 10507
16398014 48 53 10517
16398014 48 53 10523
16398034 48 53 10524
16398034 48 53 10510
16398054 48 53 10528
16398074 48 53 10529
16398114 48 53 10539
16398114 48 53 10537
16398134 48 53 10536
16398134 48 53 10542
16398154 48 53 10543
16398174 48 53 10545
16398194 48 53 10567
16398194 48 53 10572
16398224 48 53 10567
16398224 48 53 10555
16398244 48 53 10569
16398244 48 53 10559
16398264 48 53 10549
16398284 48 53 10560
16398314 48 53 10576
16398314 48 53 10563
16398334 48 53 10560
16398334 48 53 10573
16398354 48 53 10575
16398374 48 53 10560
16398394 48 53 10567
16398394 48 53 10570
16398424 48 53 10562
16398424 48 53 10563
16398444 48 53 10564
16398444 48 53 10577
16398464 48 53 10572
16398484 48 53 10574
16398514 48 53 10563
16398514 48 53 10576
16398534 48 53 10570
16398534 48 53 10578
16398554 48 53 10567
16398574 48 53 10579
16398604 48 53 10575
16398604 48 53 10584
16398624 48 53 10573
16398624 48 53 10574
16398654 48 53 10565
16398654 48 53 10563
16398674 48 53 10570
16398694 48 53 10564
16398724 48 53 10566
16398724 48 53 10562
16398744 48 53 10566
16398744 48 53 10569
16398764 48 53 10567
16398784 48 53 10563
16398804 48 53 10562
16398804 48 53 10558
16398834 48 53 10555
16398834 48 53 10540
16398854 48 53 10547
16398854 48 53 10556
16398874 48 53 10553
16398894 48 53 10566
16398924 48 53 10573
16398924 48 53 10565
16398944 48 53 10567
16398944 48 53 10557
16398964 48 53 10573
16398984 48 53 10554
16399004 48 53 10563
16399004 48 53 10572
16399034 48 53 10573
16399034 48 53 10566
16399054 48 53 10570
16399054 48 53 10568
16399074 48 53 10585
16399094 48 53 10568
16399124 48 53 10573
16399124 48 53 10587
16399144 48 53 10577
16399144 48 53 10576
16399164 48 53 10567
16399194 48 53 10574
16399214 48 53 10578
16399214 48 53 10574
16399244 48 53 10565
16399244 48 53 10555
16399264 48 53 10570
16399264 48 53 10578
16399284 48 53 10567
16399304 48 53 10577
16399334 48 53 10572
16399334 48 53 10569
16399354 48 53 10575
16399354 48 53 10568
16399374 48 53 10571
16399394 48 53 10570
16399414 48 53 10573
16399414 48 53 10571
16399444 48 53 10561
16399444 48 53 10574
16399464 48 53 10569
16399464 48 53 10565
16399484 48 53 10560
16399504 48 53 10562
16399534 48 53 10567
16399534 48 53 10561
16399554 48 53 10562
16399554 48 53 10555
16399574 48 53 10567
16399594 48 53 10561
16399614 48 53 10559
16399614 48 53 10562
16399644 48 53 10567
16399644 48 53 10569
16399664 48 53 10571
16399664 48 53 10569
16399684 48 53 10563
16399704 48 53 10564
16399744 48 53 10555
16399744 48 53 10558
16399754 48 53 10558
16399754 48 53 10554
16399784 48 53 10554
16399804 48 53 10550
16399824 48 53 10551
16399824 48 53 10552
16399854 48 53 10559
16399854 48 53 10554
16399874 48 53 10544
16399874 48 53 10548
16399894 48 53 10555
16399914 48 53 10557
16399944 48 53 10563
16399944 48 53 10570
16399964 48 53 10563
16399964 48 53 10564
16399984 48 53 10575
16400004 48 53 10569
16400024 48 53 10571
16400024 48 53 10556
16400054 48 53 10562
16400054 48 53 10558
16400074 48 53 10565
16400074 48 53 10562
16400094 48 53 10552
16400114 48 53 10559
16400144 48 53 10555
16400144 48 53 10559
16400164 48 53 10562
16400164 48 53 10559
16400184 48 53 10556
16400204 48 53 10548
16400224 48 53 10559
16400224 48 53 10562
16400254 48 53 10558
16400254 48 53 10548
16400284 48 53 10545
16400284 48 53 10552
16400304 48 53 10537
16400324 48 53 10538
16400354 48 53 10541
16400354 48 53 10548
16400374 48 53 10543
16400374 48 53 10546
16400394 48 53 10543
16400414 48 53 10566
16400434 48 53 10546
16400434 48 53 10551
16400464 48 53 10566
16400464 48 53 10567
16400484 48 53 10568
16400484 48 53 10575
16400504 48 53 10558
16400524 48 53 10568
16400554 48 53 10568
16400554 48 53 10571
16400574 48 53 10560
16400574 48 53 10568
16400594 48 53 10557
16400614 48 53 10562
16400634 48 53 10567
16400634 48 53 10564
16400664 48 53 10571
16400664 48 53 10565
16400684 48 53 10562
16400684 48 53 10559
16400704 48 53 10565
16400724 48 53 10562
16400754 48 53 10545
16400754 48 53 10556
16400774 48 53 10548
16400774 48 53 10555
16400794 48 53 10553
16400824 48 53 10546
16400844 48 53 10556
16400844 48 53 10552
16400874 48 53 10554
16400874 48 53 10556
16400894 48 53 10547
16400894 48 53 10540
16400914 48 53 10548
16400934 48 53 10542
16400964 48 53 10545
16400964 48 53 10547
16400984 48 53 10533
16400984 48 53 10542
16401004 48 53 10537
16401024 48 53 10537
16401044 48 53 10538
16401044 48 53 10544
16401074 48 53 10537
16401074 48 53 10540
16401094 48 53 10541
16401094 48 53 10545
16401114 48 53 10539
16401134 48 53 10536
16401164 48 53 10543
16401164 48 53 10535
16401184 48 53 10545
16401184 48 53 10548
16401204 48 53 10537
16401224 48 53 10548
16401244 48 53 10549
16401244 48 53 10549
16401274 48 53 10545
16401274 48 53 10535
16401294 48 53 10545
16401294 48 53 10555
16401314 48 53 10559
16401334 48 53 10543
16401374 48 53 10541
16401374 48 53 10548
16401394 48 53 10554
16401394 48 53 10545
16401414 48 53 10539
16401434 48 53 10541
16401454 48 53 10539
16401454 48 53 10543
16401484 48 53 10545
16401484 48 53 10546
16401504 48 53 10545
16401504 48 53 10549
16401524 48 53 10540
16401544 48 53 10547
16401574 48 53 10561
16401574 48 53 10559
16401594 48 53 10554
16401594 48 53 10554
16401614 48 53 10564
16401634 48 53 10558
16401654 48 53 10560
16401654 48 53 10561
16401684 48 53 10556
16401684 48 53 10555
16401704 48 53 10567
16401704 48 53 10553
16401724 48 53 10560
16401744 48 53 10566
16401774 48 53 10555
16401774 48 53 10553
16401794 48 53 10552
16401794 48 53 10557
16401814 48 53 10550
16401834 48 53 10552
16401854 48 53 10550
16401854 48 53 10557
16401884 48 53 10556
16401884 48 53 10557
16401904 48 53 10560
16401904 48 53 10551
16401934 48 53 10553
16401954 48 53 10558
16401984 48 53 10539
16401984 48 53 10545
16402004 48 53 10562
16402004 48 53 10555
16402024 48 53 10555
16402044 48 53 10562
16402064 48 53 10563
16402064 48 53 10552
16402094 48 53 10555
16402094 48 53 10556
16402114 48 53 10563
16402114 48 53 10564
16402134 48 53 10564
16402154 48 53 10554
16402184 48 53 10557
16402184 48 53 10563
16402204 48 53 10555
16402204 48 53 10549
16402224 48 53 10561
16402244 48 53 10558
16402264 48 53 10549
16402264 48 53 10551
16402294 48 53 10549
16402294 48 53 10560
16402314 48 53 10544
16402334 48 53 10538
16402354 48 53 10557
16402384 48 53 10549
16402384 48 53 10543
16402404 48 53 10544
16402404 48 53 10539
16402424 48 53 10550
16402444 48 53 10541
16402474 48 53 10534
16402474 48 53 10551
16402494 48 53 10534
16402494 48 53 10526
16402524 48 53 10540
16402524 48 53 10535
16402544 48 53 10544
16402564 48 53 10543
16402594 48 53 10516
16402594 48 53 10520
16402614 48 53 10535
16402614 48 53 10538
16402634 48 53 10528
16402654 48 53 10531
16402674 48 53 10550
16402674 48 53 10540
16402704 48 53 10544
16402704 48 53 10539
16402724 48 53 10538
16402724 48 53 10533
16402744 48 53 10537
16402764 48 53 10529
16402794 48 53 10526
16402794 48 53 10535
16402814 48 53 10537
16402814 48 53 10538
16402834 48 53 10534
16402854 48 53 10549
16402874 48 53 10534
16402874 48 53 10532
16402904 48 53 10534
16402904 48 53 10535
16402924 48 53 10538
16402924 48 53 10540
16402944 48 53 10545
16402964 48 53 10546
16402994 48 53 10550
16402994 48 53 10538
16403024 48 53 10530
16403024 48 53 10540
16403034 48 53 10537
16403064 48 53 10552
16403084 48 53 10549
16403084 48 53 10547
16403114 48 53 10544
16403114 48 53 10546
16403134 48 53 10544
16403134 48 53 10541
16403154 48 53 10541
16403174 48 53 10546
16403204 48 53 10541
16403204 48 53 10537
16403224 48 53 10543
16403224 48 53 10532
16403244 48 53 10538
16403264 48 53 10542
16403284 48 53 10542
16403284 48 53 10537
16403314 48 53 10537
16403314 48 53 10541
16403334 48 53 10543
16403334 48 53 10537
16403354 48 53 10540
16403374 48 53 10545
16403404 48 53 10553
16403404 48 53 10549
16403424 48 53 10546
16403424 48 53 10548
16403444 48 53 10547
16403464 48 53 10553
16403484 48 53 10541
16403484 48 53 10550
16403514 48 53 10546
16403514 48 53 10551
16403534 48 53 10554
16403534 48 53 10554
16403564 48 53 10538
16403574 48 53 10548
16403604 48 53 10552
16403604 48 53 10556
16403634 48 53 10555
16403634 48 53 10554
16403654 48 53 10560
16403674 48 53 10547
16403694 48 53 10550
16403694 48 53 10555
16403724 48 53 10562
16403724 48 53 10553
16403744 48 53 10551
16403744 48 53 10554
16403764 48 53 10557
16403784 48 53 10551
16403814 48 53 10546
16403814 48 53 10547
16403834 48 53 10547
16403834 48 53 10546
16403854 48 53 10545
16403874 48 53 10540
16403894 48 53 10559
16403894 48 53 10552
16403924 48 53 10547
16403924 48 53 10545
16403944 48 53 10545
16403944 48 53 10545
16403964 48 53 10539
16403984 48 53 10553
16404014 48 53 10552
16404014 48 53 10558
16404034 48 53 10546
16404034 48 53 10550
16404054 48 53 10535
16404074 48 53 10544
16404104 48 53 10557
16404104 48 53 10544
16404124 48 53 10550
16404124 48 53 10544
16404144 48 53 10539
16404144 48 53 10540
16404174 48 53 10532
16404194 48 53 10529
16404224 48 53 10523
16404224 48 53 10526
16404244 48 53 10522
16404244 48 53 10537
16404264 48 53 10533
16404284 48 53 10538
16404304 48 53 10541
16404304 48 53 10540
16404334 48 53 10544
16404334 48 53 10542
16404354 48 53 10552
16404354 48 53 10554
16404374 48 53 10555
16404394 48 53 10548
16404424 48 53 10550
16404424 48 53 10554
16404444 48 53 10544
16404444 48 53 10547
16404464 48 53 10544
16404484 48 53 10549
16404504 48 53 10555
16404504 48 53 10543
16404534 48 53 10560
16404534 48 53 10552
16404554 48 53 10559
16404554 48 53 10556
16404574 48 53 10538
16404594 48 53 10551
16404624 48 53 10543
16404624 48 53 10542
16404644 48 53 10543
16404644 48 53 10557
16404674 48 53 10559
16404684 48 53 10550
16404714 48 53 10548
16404714 48 53 10545
16404744 48 53 10548
16404744 48 53 10548
16404764 48 53 10547
16404764 48 53 10547
16404784 48 53 10540
16404804 48 53 10554
16404834 48 53 10555
16404834 48 53 10560
16404854 48 53 10553
16404854 48 53 10563
16404874 48 53 10556
16404894 48 53 10555
16404914 48 53 10550
16404914 48 53 10544
16404944 48 53 10557
16404944 48 53 10550
16404964 48 53 10564
16404964 48 53 10564
16404984 48 53 10563
16405004 48 53 10560
16405034 30 53 10545
16405034 30 53 10552
16405054 30 53 10555
16405054 30 53 10562
16405074 30 53 10555
16405094 30 53 10553
16405114 30 53 10541
16405114 30 53 10540
16405144 30 53 10542
16405144 30 53 10556
16405164 30 53 10553
16405164 30 53 10564
16405184 30 53 10553
16405204 30 53 10535
16405234 30 53 10545
16405234 30 53 10554
16405264 30 53 10544
16405264 30 53 10554
16405284 30 53 10548
16405304 30 53 10549
16405324 30 53 10556
16405324 30 53 10560
16405354 30 53 10558
16405354 30 53 10556
16405374 30 53 10571
16405374 30 53 10560
16405394 30 53 10556
16405414 30 53 10560
16405444 30 53 10564
16405444 30 53 10557
16405464 30 53 10571
16405464 30 53 10560
16405484 30 53 10565
16405504 30 53 10562
16405524 30 53 10569
16405524 30 53 10562
16405554 30 53 10561
16405554 30 53 10566
16405574 30 53 10571
16405574 30 53 10570
16405594 30 53 10572
16405614 30 53 10570
16405644 48 53 10576
16405644 48 53 10581
16405664 48 53 10575
16405664 48 53 10582
16405684 48 53 10508
16405704 48 53 10278
16405724 48 52 10189
16405724 48 50 10420
16405754 48 49 10477
16405754 48 48 10781
16405774 30 47 10999
16405774 30 45 11100
16405804 30 43 11771
16405824 30 40 12797
16405854 30 38 13497
16405854 30 37 13856
16405874 28 36 14454
16405874 28 36 15092
16405894 28 34 16147
16405914 28 33 16820
16405934 25 32 17642
16405934 25 32 17899
16405964 25 32 18240
16405964 25 32 18459
16405984 25 32 18689
16405984 25 31 18903
16406004 25 31 18847
16406024 25 23 1951
16406054 25 22 2000
16406054 25 23 2019
16406074 25 22 2041
16406074 25 22 2045
16406094 25 22 2072
16406114 25 22 2089
16406134 25 23 2099
16406134 25 23 2103
16406164 25 23 2096
16406164 25 22 2100
16406184 25 22 2099
16406184 25 23 2102
16406204 25 22 2101
16406224 25 22 2096
16406254 25 22 2088
16406254 25 23 2091
16406274 25 23 2086
16406274 25 23 2090
16406294 25 23 2081
16406314 25 23 2084
16406334 25 23 2079
16406344 25 22 2076
16406374 25 23 2077
16406374 25 22 2067
16406384 25 23 2070
16406384 25 23 2071
16406414 25 22 2074
16406434 25 22 2074
16406464 25 23 2082
16406464 25 23 2079
16406484 25 22 2076
16406484 25 23 2082
16406504 25 23 2098
16406524 23 23 2093
16406544 23 22 2087
16406544 23 22 2089
16406574 23 23 2097
16406574 23 22 2104
16406594 23 23 2094
16406594 23 23 2093
16406614 23 22 2093
16406634 23 23 2096
16406664 23 22 2090
16406664 23 22 2092
16406684 23 23 2101
16406684 23 23 2097
16406704 23 22 2103
16406724 23 22 2107
16406744 23 22 2109
16406744 23 22 2114
16406774 23 23 2107
16406774 23 23 2109
16406794 23 22 2118
16406794 23 22 2113
16406814 23 23 2115
16406834 23 23 2117
16406864 23 22 2115
16406864 23 23 2114
16406884 23 23 2118
16406884 23 23 2119
16406914 23 23 2115
16406924 23 22 2113
16406954 23 23 2115
16406954 23 23 2106
16406984 23 23 2110
16406984 23 23 2115
16407004 23 22 2112
16407004 23 22 2100
16407024 23 22 2106
16407044 23 23 2113
16407074 23 23 2117
16407074 23 23 2113
16407094 23 22 2115
16407094 23 22 2124
16407114 23 23 2118
16407134 23 23 2112
16407154 23 22 2114
16407154 23 23 2107
16407184 23 22 2102
16407184 23 22 2107
16407204 23 22 2103
16407204 23 22 2106
16407224 23 22 2115
16407244 23 23 2101
16407274 23 23 2094
16407274 23 23 2098
16407294 23 22 2101
16407294 23 23 2098
16407314 23 22 2093
16407334 23 22 2091
16407354 23 23 2088
16407354 23 22 2096
16407384 23 23 2081
16407384 23 23 2088
16407404 23 23 2085
16407404 23 23 2084
16407424 23 23 2081
16407454 23 23 2085
16407474 25 22 2086
16407474 25 23 2086
16407504 25 23 2086
16407504 25 22 2088
16407524 25 23 2084
16407544 25 22 2093
16407564 25 23 2105
16407564 25 23 2104
16407594 25 23 2104
16407594 25 22 2109
16407614 25 23 2110
16407614 25 23 2102
16407634 25 22 2106
16407654 25 23 2112
16407684 25 23 2107
16407684 25 22 2114
16407704 25 23 2112
16407704 25 23 2119
16407724 25 22 2115
16407744 25 23 2112
16407764 23 23 2113
16407764 23 23 2122
16407794 23 23 2122
16407794 23 22 2117
16407814 23 23 2115
16407814 23 22 2112
16407834 23 22 2116
16407854 23 23 2111
16407884 23 22 2109
16407884 23 23 2118
16407904 23 23 2111
16407904 23 23 2109
16407924 23 22 2114
16407944 23 23 2108
16407964 23 22 2116
16407964 23 22 2111
16407994 23 22 2116
16407994 23 23 2125
16408014 23 23 2109
16408014 23 22 2114
16408034 23 22 2122
16408064 23 23 2116
16408094 23 23 2120
16408094 23 22 2125
16408114 23 22 2120
16408114 23 22 2123
16408134 23 23 2124
16408154 23 22 2128
16408174 23 23 2130
16408174 23 23 2117
16408204 23 22 2127
16408204 23 23 2121
16408224 23 23 2122
16408224 23 23 2119
16408244 23 23 2119
16408264 23 23 2123
16408294 23 22 2117
16408294 23 23 2120
16408314 23 23 2125
16408314 23 22 2129
16408334 23 22 2126
16408354 23 23 2125
16408374 23 22 2131
16408374 23 23 2131
16408404 23 23 2127
16408424 23 22 2117
16408424 23 23 2108
16408444 23 23 2087
16408464 23 22 2044
16408494 23 24 1972
16408494 23 23 1912
16408514 23 24 1862
16408514 23 25 1818
16408534 23 26 1731
16408554 23 27 1646
16408574 23 30 4302
16408574 23 33 9601
16408614 23 37 14729
16408614 23 38 14024
16408634 23 40 13178
16408634 23 41 12659
16408654 23 43 12150
16408674 23 44 11917
16408704 25 46 11551
16408704 25 47 11414
16408724 25 47 11477
16408724 25 48 11299
16408744 25 49 11100
16408764 25 51 10634
16408784 25 52 10564
16408784 25 52 10567
16408814 25 52 10651
16408814 25 52 10707
16408834 25 53 10759
16408834 25 53 10786
16408854 25 53 10782
16408874 25 53 10783
16408904 25 53 10775
16408904 25 53 10766
16408924 25 53 10776
16408924 25 53 10762
16408944 25 53 10753
16408964 28 53 10743
16408984 28 53 10727
16408984 28 53 10728
16409014 28 53 10716
16409014 28 53 10727
16409034 28 53 10711
16409034 28 53 10712
16409054 28 53 10725
16409084 28 53 10713
16409104 28 53 10721
16409104 28 53 10711
16409124 28 53 10709
16409124 28 53 10703
16409154 28 53 10710
16409174 28 53 10697
16409194 28 53 10683
16409194 28 53 10696
16409224 28 53 10699
16409224 28 53 10701
16409244 28 53 10699
16409244 28 53 10693
16409264 28 53 10688
16409284 28 53 10687
16409314 28 53 10684
16409314 28 53 10672
16409334 28 53 10686
16409334 28 53 10679
16409354 28 53 10674
16409374 28 53 10680
16409394 28 53 10674
16409394 28 53 10664
16409424 28 53 10656
16409424 28 53 10660
16409444 28 53 10671
16409444 28 53 10671
16409464 28 53 10662
16409484 28 53 10660
16409514 28 53 10660
16409514 28 53 10662
16409534 28 53 10663
16409534 28 53 10660
16409554 28 53 10652
16409574 28 53 10652
16409594 28 53 10645
16409594 28 53 10647
16409624 28 53 10659
16409624 28 53 10654
16409644 28 53 10639
16409644 28 53 10636
16409664 28 53 10649
16409694 28 53 10639
16409724 30 53 10631
16409724 30 53 10632
16409744 30 53 10638
16409744 30 53 10648
16409764 30 53 10637
16409784 30 53 10637
16409804 30 53 10640
16409804 30 53 10639
16409834 48 53 10632
16409834 48 53 10634
16409854 48 53 10634
16409854 48 53 10634
16409874 48 53 10641
16409894 48 53 10644
16409924 48 53 10637
16409924 48 53 10638
16409944 48 53 10634
16409944 48 53 10648
16409964 48 53 10625
16409984 48 53 10634
16410004 48 53 10642
16410004 48 53 10636
16410034 48 53 10631
16410034 48 53 10625
16410054 48 53 10634
16410054 48 53 10639
16410074 48 53 10623
16410094 48 53 10632
16410124 48 53 10619
16410124 48 53 10620
16410144 48 53 10623
16410144 48 53 10624
16410164 48 53 10626
16410194 48 53 10619
16410204 48 53 10627
16410204 48 53 10626
16410234 48 53 10627
16410234 48 53 10619
16410264 48 53 10626
16410264 48 53 10629
16410284 48 53 10634
16410304 48 53 10621
16410334 48 53 10627
16410334 48 53 10626
16410354 48 53 10629
16410354 48 53 10627
16410374 48 53 10629
16410394 48 53 10626
16410414 48 53 10636
16410414 48 53 10624
16410444 48 53 10624
16410444 48 53 10633
16410464 48 53 10629
16410464 48 53 10642
16410484 48 53 10621
16410504 48 53 10629
16410534 48 53 10628
16410534 48 53 10628
16410554 48 53 10619
16410554 48 53 10616
16410574 48 53 10614
16410594 48 53 10619
16410614 48 53 10628
16410614 48 53 10621
16410644 48 53 10626
16410644 48 53 10612
16410664 48 53 10619
16410664 48 53 10619
16410684 48 53 10615
16410704 48 53 10619
16410734 48 53 10620
16410734 48 53 10627
16410754 48 53 10616
16410754 48 53 10613
16410784 48 53 10605
16410804 48 53 10618
16410824 48 53 10606
16410824 48 53 10615
16410854 48 53 10604
16410854 48 53 10609
16410874 48 53 10604
16410874 48 53 10598
16410894 48 53 10606
16410914 48 53 10612
16410944 48 53 10604
16410944 48 53 10596
16410964 48 53 10607
16410964 48 53 10596
16410984 48 53 10605
16411004 48 53 10607
16411024 48 53 10611
16411024 48 53 10607
16411054 48 53 10611
16411054 48 53 10608
16411074 48 53 10612
16411074 48 53 10616
16411094 48 53 10618
16411114 48 53 10615
16411144 48 53 10615
16411144 48 53 10610
16411164 48 53 10616
16411164 48 53 10607
16411184 48 53 10605
16411204 48 53 10603
16411224 48 53 10603
16411224 48 53 10600
16411254 48 53 10590
16411254 48 53 10600
16411274 48 53 10609
16411274 48 53 10606
16411294 48 53 10610
16411324 48 53 10612
16411354 48 53 10608
16411354 48 53 10601
16411374 48 53 10606
16411374 48 53 10610
16411394 48 53 10605
16411414 48 53 10610
16411434 48 53 10608
16411434 48 53 10613
16411464 48 53 10606
16411464 48 53 10604
16411484 48 53 10600
16411484 48 53 10605
16411504 48 53 10603
16411524 48 53 10602
16411554 48 53 10596
16411554 48 53 10603
16411574 48 53 10594
16411574 48 53 10595
16411594 48 53 10599
16411614 48 53 10597
16411634 48 53 10603
16411634 48 53 10591
16411664 48 53 10604
16411664 48 53 10602
16411684 48 53 10611
16411684 48 53 10607
16411704 48 53 10604
16411724 48 53 10600
16411724 48 53 10592
16411754 48 53 10601
16411754 48 53 10602
16411774 48 53 10609
16411774 48 53 10593
16411794 48 53 10594
16411814 48 53 10587
16411834 48 53 10589
16411834 48 53 10592
16411874 48 53 10603
16411874 48 53 10595
16411894 48 53 10601
16411894 48 53 10598
16411914 48 53 10597
16411934 48 53 10586
16411934 48 53 10592
16411964 48 53 10592
16411964 48 53 10585
16411984 48 53 10589
16411984 48 53 10590
16412004 48 53 10589
16412024 48 53 10592
16412044 48 53 10588
16412044 48 53 10598
16412074 48 53 10595
16412074 48 53 10595
16412094 48 53 10598
16412094 48 53 10592
16412114 48 53 10592
16412134 48 53 10585
16412164 48 53 10590
16412164 48 53 10595
16412184 48 53 10592
16412184 48 53 10584
16412204 48 53 10575
16412224 48 53 10586
16412244 48 53 10584
16412244 48 53 10588
16412274 48 53 10589
16412274 48 53 10589
16412294 48 53 10580
16412294 48 53 10582
16412314 48 53 10593
16412334 48 53 10590
16412364 48 53 10581
16412364 48 53 10584
16412384 48 53 10583
16412384 48 53 10588
16412414 48 53 10589
16412434 48 53 10592
16412454 48 53 10597
16412454 48 53 10596
16412484 48 53 10601
16412484 48 53 10598
16412504 48 53 10605
16412504 48 53 10608
16412524 48 53 10603
16412544 48 53 10602
16412574 48 53 10592
16412574 48 53 10610
16412594 48 53 10598
16412594 48 53 10600
16412614 48 53 10589
16412634 48 53 10597
16412654 48 53 10600
16412654 48 53 10585
16412684 48 53 10593
16412684 48 53 10595
16412704 48 53 10589
16412704 48 53 10589
16412724 48 53 10584
16412744 48 53 10589
16412774 48 53 10590
16412774 48 53 10591
16412794 48 53 10593
16412794 48 53 10601
16412814 48 53 10586
16412834 48 53 10579
16412854 48 53 10569
16412854 48 53 10579
16412884 48 53 10568
16412884 48 53 10579
16412904 48 53 10596
16412904 48 53 10579
16412924 48 53 10573
16412944 48 53 10586
16412984 48 53 10579
16412984 48 53 10583
16413004 48 53 10591
16413004 48 53 10584
16413024 48 53 10589
16413044 48 53 10588
16413064 48 53 10588
16413064 48 53 10591
16413094 48 53 10595
16413094 48 53 10594
16413114 48 53 10588
16413114 48 53 10579
16413134 48 53 10592
16413154 48 53 10585
16413184 48 53 10584
16413184 48 53 10591
16413204 48 53 10592
16413204 48 53 10584
16413224 48 53 10579
16413244 48 53 10583
16413264 48 53 10579
16413264 48 53 10584
16413294 48 53 10573
16413294 48 53 10578
16413314 48 53 10579
16413314 48 53 10589
16413334 48 53 10592
16413354 48 53 10589
16413354 48 53 10592
16413384 48 53 10587
16413384 48 53 10585
16413404 48 53 10581
16413404 48 53 10585
16413424 48 53 10585
16413444 48 53 10585
16413464 48 53 10578
16413464 48 53 10585
16413494 48 53 10582
16413494 48 53 10580
16413524 48 53 10584
16413524 48 53 10593
16413544 48 53 10601
16413564 48 53 10605
16413594 48 53 10598
16413594 48 53 10600
16413614 48 53 10595
16413614 48 53 10599
16413634 48 53 10606
16413654 48 53 10603
16413674 48 53 10608
16413674 48 53 10602
16413704 48 53 10607
16413704 48 53 10608
16413724 48 53 10607
16413724 48 53 10621
16413744 48 53 10609
16413764 48 53 10601
16413795 48 53 10603
16413795 48 53 10604
16413815 48 53 10600
16413815 48 53 10592
16413835 48 53 10604
16413855 48 53 10601
16413875 48 53 10607
16413875 48 53 10606
16413905 48 53 10597
16413905 48 53 10587
16413925 48 53 10589
16413925 48 53 10595
16413945 48 53 10592
16413965 48 53 10601
16413995 48 53 10601
16413995 48 53 10615
16414015 48 53 10608
16414015 48 53 10602
16414035 48 53 10587
16414065 48 53 10605
16414085 48 53 10602
16414085 48 53 10603
16414115 48 53 10605
16414115 48 53 10599
16414135 48 53 10608
16414135 48 53 10606
16414155 48 53 10606
16414175 48 53 10596
16414205 48 53 10609
16414205 48 53 10611
16414225 48 53 10606
16414225 48 53 10599
16414245 48 53 10600
16414265 48 53 10600
16414285 48 53 10596
16414285 48 53 10590
16414315 48 53 10592
16414315 48 53 10588
16414335 48 53 10583
16414335 48 53 10591
16414355 48 53 10613
16414375 48 53 10601
16414405 48 53 10609
16414405 48 53 10602
16414425 48 53 10604
16414425 48 53 10608
16414445 48 53 10608
16414485 48 53 10609
16414485 48 53 10602
16414515 48 53 10598
16414515 48 53 10608
16414535 48 53 10607
16414535 48 53 10611
16414555 48 53 10613
16414575 48 53 10605
16414615 48 53 10596
16414615 48 53 10598
16414625 48 53 10600
16414625 48 53 10597
16414655 48 53 10588
16414675 48 53 10607
16414695 48 53 10602
16414695 48 53 10590
16414725 48 53 10606
16414725 48 53 10608
16414745 48 53 10598
16414745 48 53 10601
16414765 48 53 10607
16414785 48 53 10597
16414815 48 53 10598
16414815 48 53 10593
16414835 48 53 10603
16414835 48 53 10595
16414855 48 53 10586
16414895 48 53 10605
16414895 48 53 10598
16414925 48 53 10591
16414925 48 53 10588
16414945 48 53 10594
16414945 48 53 10593
16414965 48 53 10597
16414985 48 53 10582
16415015 48 53 10592
16415015 48 53 10610
16415035 48 53 10596
16415035 48 53 10603
16415055 48 53 10592
16415075 48 53 10592
16415095 48 53 10589
16415095 48 53 10590
16415125 48 53 10607
16415125 48 53 10589
16415155 48 53 10604
16415155 48 53 10596
16415165 48 53 10586
16415195 48 53 10585
16415225 48 53 10599
16415225 48 53 10594
16415245 48 53 10591
16415245 48 53 10593
16415265 48 53 10604
16415285 48 53 10579
16415305 48 53 10587
16415305 48 53 10588
16415335 48 53 10584
16415335 48 53 10584
16415355 48 53 10583
16415355 48 53 10582
16415375 48 53 10588
16415395 48 53 10580
16415425 48 53 10582
16415425 48 53 10577
16415445 48 53 10592
16415445 48 53 10585
16415465 48 53 10577
16415485 48 53 10589
16415505 48 53 10598
16415505 48 53 10592
16415535 48 53 10584
16415535 48 53 10587
16415555 48 53 10579
16415555 48 53 10581
16415575 48 53 10588
16415595 48 53 10586
16415625 48 53 10595
16415625 48 53 10592
16415645 48 53 10599
16415645 48 53 10607
16415665 48 53 10595
16415695 48 53 10591
16415715 48 53 10577
16415715 48 53 10583
16415735 48 53 10579
16415735 48 53 10583
16415765 48 53 10581
16415765 48 53 10584
16415785 48 53 10590
16415805 48 53 10576
16415835 48 53 10596
16415835 48 53 10592
16415855 48 53 10599
16415855 48 53 10601
16415875 48 53 10597
16415895 48 53 10599
16415915 48 53 10593
16415915 48 53 10585
16415945 48 53 10598
16415945 48 53 10597
16415965 48 53 10587
16415965 48 53 10583
16415985 48 53 10586
16416005 48 53 10579
16416035 48 53 10573
16416035 48 53 10579
16416055 48 53 10588
16416055 48 53 10586
16416075 48 53 10577
16416095 48 53 10579
16416115 48 53 10573
16416115 48 53 10562
16416145 48 53 10573
16416145 48 53 10570
16416165 48 53 10584
16416165 48 53 10580
16416185 48 53 10584
16416205 48 53 10580
16416205 48 53 10592
16416235 48 53 10589
16416235 48 53 10585
16416265 48 53 10579
16416265 48 53 10585
16416275 48 53 10583
16416305 48 53 10590
16416325 48 53 10589
16416325 48 53 10595
16416355 48 53 10596
16416355 48 53 10590
16416375 48 53 10584
16416375 48 53 10591
16416395 48 53 10598
16416415 48 53 10595
16416445 48 53 10593
16416445 48 53 10589
16416465 48 53 10591
16416465 48 53 10589
16416485 48 53 10587
16416505 48 53 10591
16416525 48 53 10585
16416525 48 53 10596
16416555 48 53 10596
16416555 48 53 10578
16416575 48 53 10590
16416575 48 53 10585
16416595 48 53 10585
16416615 48 53 10579
16416645 48 53 10587
16416645 48 53 10588
16416665 48 53 10578
16416665 48 53 10581
16416685 48 53 10574
16416705 48 53 10589
16416725 48 53 10587
16416725 48 53 10586
16416755 48 53 10586
16416755 48 53 10584
16416775 48 53 10593
16416775 48 53 10593
16416805 48 53 10587
16416815 48 53 10582
16416845 48 53 10584
16416845 48 53 10574
16416875 48 53 10574
16416875 48 53 10576
16416895 48 53 10595
16416915 48 53 10572
16416935 48 53 10567
16416935 48 53 10593
16416965 48 53 10587
16416965 48 53 10580
16416985 48 53 10591
16416985 48 53 10558
16417005 48 53 10569
16417025 48 53 10571
16417055 48 53 10573
16417055 48 53 10582
16417075 48 53 10576
16417075 48 53 10589
16417095 48 53 10571
16417115 48 53 10574
16417135 48 53 10576
16417135 48 53 10581
16417165 48 53 10564
16417165 48 53 10574
16417185 48 53 10570
16417185 48 53 10562
16417205 48 53 10571
16417225 48 53 10569
16417255 48 53 10570
16417255 48 53 10575
16417275 48 53 10573
16417275 48 53 10582
16417295 48 53 10607
16417315 48 53 10599
16417345 48 53 10598
16417345 48 53 10591
16417365 48 53 10593
16417365 48 53 10583
16417395 48 53 10585
16417395 48 53 10589
16417415 48 53 10579
16417435 48 53 10585
16417465 48 53 10576
16417465 48 53 10582
16417485 48 53 10589
16417485 48 53 10580
16417505 48 53 10584
16417525 48 53 10596
16417545 48 53 10595
16417545 48 53 10590
16417575 48 53 10593
16417575 48 53 10592
16417595 48 53 10584
16417595 48 53 10581
16417615 48 53 10590
16417635 48 53 10586
16417665 48 53 10577
16417665 48 53 10588
16417685 48 53 10590
16417685 48 53 10597
16417705 48 53 10596
16417725 48 53 10589
16417745 48 53 10596
16417745 48 53 10594
16417775 48 53 10593
16417775 48 53 10598
16417795 48 53 10596
16417795 48 53 10585
16417815 48 53 10590
16417835 48 53 10600
16417865 48 53 10589
16417865 48 53 10581
16417895 48 53 10591
16417895 48 53 10590
16417905 48 53 10595
16417935 48 53 10593
16417955 48 53 10595
16417955 48 53 10596
16417985 48 53 10595
16417985 48 53 10581
16418005 48 53 10593
16418005 48 53 10586
16418025 48 53 10593
16418045 48 53 10593
16418075 48 53 10596
16418075 48 53 10598
16418095 48 53 10599
16418095 48 53 10602
16418115 48 53 10598
16418135 48 53 10597
16418155 48 53 10583
16418155 48 53 10585
16418185 48 53 10580
16418185 48 53 10584
16418205 48 53 10583
16418205 48 53 10584
16418225 48 53 10583
16418245 48 53 10577
16418275 48 53 10576
16418275 48 53 10578
16418295 48 53 10582
16418295 48 53 10591
16418315 48 53 10584
16418335 48 53 10584
16418355 48 53 10588
16418355 48 53 10588
16418385 48 53 10589
16418385 48 53 10592
16418405 48 53 10585
16418405 48 53 10586
16418435 48 53 10594
16418445 48 53 10579
16418475 48 53 10590
16418475 48 53 10586
16418505 48 53 10588
16418505 48 53 10590
16418525 48 53 10583
16418545 48 53 10596
16418565 48 53 10590
16418565 48 53 10588
16418595 48 53 10593
16418595 48 53 10597
16418615 48 53 10602
16418615 48 53 10602
16418635 48 53 10596
16418655 48 53 10601
16418685 48 53 10578
16418685 48 53 10592
16418705 30 53 10585
16418705 30 53 10592
16418725 30 53 10601
16418745 30 53 10595
16418765 30 53 10593
16418765 30 53 10592
16418795 30 53 10598
16418795 30 53 10593
16418815 30 53 10591
16418815 30 53 10591
16418835 28 53 10599
16418855 28 53 10597
16418885 28 53 10589
16418885 28 53 10603
16418905 28 53 10599
16418905 28 53 10603
16418925 28 53 10601
16418945 28 53 10600
16418975 28 53 10611
16418975 28 53 10600
16418995 28 53 10602
16418995 28 53 10601
16419015 28 53 10601
16419045 28 53 10596
16419065 28 53 10596
16419095 28 53 10611
16419095 28 53 10604
16419115 28 53 10604
16419115 28 53 10620
16419135 28 53 10606
16419155 28 53 10615
16419175 28 53 10608
16419175 28 53 10614
16419205 28 53 10609
16419205 28 53 10608
16419225 28 53 10603
16419225 28 53 10607
16419245 28 53 10606
16419265 28 53 10612
16419295 28 53 10612
16419295 28 53 10609
16419315 28 53 10613
16419315 28 53 10602
16419335 28 53 10599
16419355 28 53 10608
16419375 28 53 10603
16419375 28 53 10612
16419405 28 53 10617
16419405 28 53 10621
16419425 28 53 10615
16419425 28 53 10625
16419445 28 53 10631
16419465 28 53 10620
16419495 28 53 10631
16419495 28 53 10623
16419515 28 53 10627
16419515 28 53 10631
16419535 28 53 10628
16419555 25 53 10568
16419585 25 53 10418
16419585 25 52 10365
16419615 25 52 10482
16419615 25 52 10525
16419635 25 51 10547
16419635 25 50 10844
16419655 25 49 11092
16419675 25 47 11235
16419705 25 46 11500
16419705 25 45 11614
16419725 25 45 11684
16419725 25 44 11863
16419745 25 42 12305
16419765 25 39 13562
16419785 25 37 14749
16419785 25 36 15214
16419815 25 35 15426
16419815 25 35 15655
16419835 25 34 16416
16419835 25 33 17035
16419855 23 32 17603
16419875 23 31 18368
16419905 23 23 1992
16419905 23 23 2016
16419925 23 23 2046
16419925 23 22 2072
16419945 23 22 2092
16419965 23 22 2108
16419985 23 22 2110
16419985 23 22 2111
16420015 23 22 2106
16420015 23 22 2113
16420035 23 22 2107
16420035 23 23 2105
16420055 23 23 2114
16420085 23 22 2114
16420105 23 22 2103
16420105 23 22 2103
16420135 23 22 2105
16420135 23 22 2109
16420155 23 22 2111
16420175 23 22 2104
16420195 23 22 2115
16420195 23 22 2112
16420225 23 22 2114
16420225 23 23 2114
16420245 23 23 2110
16420245 23 23 2121
16420265 23 23 2109
16420285 23 23 2118
16420315 23 22 2115
16420315 23 23 2118
16420335 23 22 2118
16420335 23 23 2114
16420355 23 23 2107
16420375 23 23 2104
16420395 23 23 2101
16420395 23 23 2105
16420425 23 22 2105
16420425 23 23 2101
16420445 23 22 2102
16420445 23 22 2114
16420465 23 22 2103
16420485 23 22 2105
16420515 23 23 2103
16420515 23 22 2097
16420535 23 22 2107
16420535 23 23 2107
16420555 23 22 2105
16420575 23 22 2116
16420595 23 22 2117
16420595 23 23 2115
16420625 23 22 2108
16420625 23 23 2106
16420645 23 22 2107
16420645 23 22 2111
16420675 23 22 2109
16420695 23 22 2102
16420725 23 23 2110
16420725 23 23 2102
16420745 23 23 2113
16420745 23 23 2107
16420765 23 23 2108
16420785 23 22 2105
16420805 23 23 2099
16420805 23 23 2101
16420835 23 23 2096
16420835 23 22 2099
16420855 23 23 2091
16420855 23 22 2088
16420875 23 22 2090
16420895 23 24 2085
16420925 23 22 2086
16420925 23 23 2081
16420945 23 23 2086
16420945 23 22 2089
16420965 23 23 2079
16420985 23 22 2095
16421005 23 23 2091
16421005 23 22 2093
16421035 23 22 2082
16421035 23 23 2089
16421055 23 22 2091
16421055 23 23 2096
16421075 23 22 2100
16421095 23 22 2096
16421125 23 23 2101
16421125 23 23 2108
16421145 23 23 2113
16421145 23 22 2111
16421165 23 22 2109
16421185 23 23 2114
16421215 23 22 2121
16421245 23 22 2121
16421245 23 22 2123
16421265 23 23 2115
16421265 23 23 2127
16421285 23 23 2119
16421305 23 22 2116
16421335 23 23 2110
16421335 23 23 2112
16421355 23 23 2114
16421355 23 23 2122
16421375 23 23 2114
16421395 23 23 2113
16421415 23 22 2119
16421415 23 22 2123
16421445 23 23 2122
16421445 23 23 2118
16421465 23 22 2121
16421465 23 22 2118
16421485 23 22 2120
16421505 23 23 2118
16421535 23 23 2128
16421535 23 23 2126
16421555 23 22 2122
16421555 23 23 2131
16421575 23 22 2114
16421595 23 22 2118
16421615 23 23 2121
16421615 23 23 2122
16421645 23 22 2118
16421645 23 22 2121
16421665 23 22 2111
16421665 23 23 2111
16421685 23 23 2105
16421715 23 23 2101
16421735 23 22 2100
16421735 23 22 2104
16421765 23 23 2102
16421765 23 22 2106
16421785 23 23 2102
16421825 23 22 2106
16421825 23 23 2099
16421855 23 23 2099
16421855 23 23 2101
16421875 23 23 2101
16421875 23 23 2101
16421895 23 22 2097
16421915 23 23 2097
16421945 23 22 2095
16421945 23 23 2093
16421965 25 23 2089
16421965 25 23 2086
16421985 25 22 2089
16422005 25 22 2089
16422025 25 22 2092
16422025 25 23 2089
16422055 25 23 2095
16422055 25 22 2098
16422075 25 23 2096
16422075 25 22 2101
16422095 25 22 2103
16422115 25 23 2107
16422145 25 22 2113
16422145 25 22 2113
16422165 25 23 2107
16422165 25 22 2112
16422185 25 22 2117
16422205 25 23 2114
16422225 25 22 2107
16422225 25 22 2114
16422255 25 22 2114
16422255 25 23 2108
16422285 25 23 2104
16422285 25 23 2089
16422295 25 22 2067
16422325 25 22 2042
16422355 25 23 1984
16422375 25 23 1968
16422375 25 23 1951
16422395 25 24 1910
16422415 25 25 1873
16422435 25 24 1828
16422435 25 26 1792
16422465 25 26 1762
16422465 25 26 1721
16422485 25 27 1682
16422485 25 27 1642
16422505 25 29 1550
16422525 25 33 9110
16422555 28 38 13735
16422555 28 39 13219
16422575 28 40 12718
16422575 28 41 12226
16422595 28 44 11548
16422615 28 46 11134
16422635 28 49 10770
16422635 28 50 10467
16422665 30 52 10377
16422665 30 52 10520
16422685 30 52 10648
16422685 30 52 10739
16422705 48 52 10843
16422725 48 53 10831
16422755 48 53 10822
16422755 48 53 10817
16422775 48 53 10808
16422775 48 53 10802
16422795 48 53 10796
16422815 48 53 10790
16422835 48 53 10794
16422835 48 53 10786
16422865 48 53 10784
16422865 48 53 10784
16422895 48 53 10776
16422895 48 53 10779
16422915 30 53 10784
16422935 30 53 10786
16422965 30 53 10773
16422965 30 53 10768
16422985 30 53 10777
16422985 30 53 10774
16423005 30 53 10773
16423025 30 53 10760
16423045 30 53 10762
16423045 30 53 10763
16423075 30 53 10750
16423075 30 53 10752
16423095 30 53 10748
16423095 30 53 10745
16423115 30 53 10741
16423135 30 53 10749
16423165 30 53 10738
16423165 30 53 10745
16423185 30 53 10749
16423185 30 53 10746
16423205 30 53 10755
16423225 30 53 10747
16423245 30 53 10733
16423245 30 53 10733
16423275 30 53 10733
16423275 30 53 10739
16423295 30 53 10738
16423295 30 53 10736
16423315 30 53 10734
16423335 30 53 10720
16423365 30 53 10724
16423365 30 53 10727
16423385 30 53 10730
16423385 30 53 10725
16423405 30 53 10723
16423435 30 53 10721
16423455 30 53 10729
16423455 30 53 10726
16423485 30 53 10715
16423485 30 53 10719
16423505 30 53 10720
16423505 30 53 10696
16423525 48 53 10706
16423545 48 53 10709
16423575 48 53 10703
16423575 48 53 10707
16423595 48 53 10708
16423595 48 53 10709
16423615 48 53 10694
16423635 48 53 10698
16423655 48 53 10692
16423655 48 53 10686
16423685 48 53 10698
16423685 48 53 10692
16423705 48 53 10698
16423705 48 53 10700
16423725 48 53 10686
16423745 48 53 10684
16423775 48 53 10672
16423775 48 53 10687
16423795 48 53 10694
16423795 48 53 10701
16423815 48 53 10698
16423835 48 53 10690
16423855 48 53 10680
16423855 48 53 10691
16423885 48 53 10680
16423885 48 53 10682
16423905 48 53 10682
16423905 48 53 10686
16423925 48 53 10685
16423945 48 53 10682
16423975 48 53 10674
16423975 48 53 10674
16423995 48 53 10676
16423995 48 53 10676
16424025 48 53 10687
16424045 48 53 10689
16424065 48 53 10681
16424065 48 53 10664
16424095 48 53 10669
16424095 48 53 10662
16424115 48 53 10676
16424115 48 53 10667
16424135 48 53 10662
16424155 48 53 10668
16424185 48 53 10665
16424185 48 53 10668
16424205 48 53 10671
16424205 48 53 10670
16424225 48 53 10681
16424245 48 53 10679
16424265 48 53 10670
16424265 48 53 10669
16424295 48 53 10677
16424295 48 53 10684
16424315 48 53 10688
16424315 48 53 10680
16424335 48 53 10684
16424355 48 53 10673
16424385 48 53 10664
16424385 48 53 10659
16424405 48 53 10666
16424405 48 53 10661
16424425 48 53 10652
16424445 48 53 10656
16424465 48 53 10647
16424465 48 53 10663
16424495 48 53 10666
16424495 48 53 10671
16424515 48 53 10658
16424515 48 53 10673
16424545 48 53 10651
16424565 48 53 10655
16424595 48 53 10650
16424595 48 53 10654
16424615 48 53 10652
16424615 48 53 10656
16424635 48 53 10659
16424655 48 53 10656
16424675 48 53 10661
16424675 48 53 10671
16424705 48 53 10673
16424705 48 53 10661
16424725 48 53 10666
16424725 48 53 10664
16424745 48 53 10659
16424765 48 53 10670
16424795 48 53 10666
16424795 48 53 10661
16424815 48 53 10667
16424815 48 53 10668
16424835 48 53 10655
16424855 48 53 10660
16424875 48 53 10661
16424875 48 53 10654
16424905 48 53 10662
16424905 48 53 10661
16424925 48 53 10657
16424925 48 53 10649
16424945 48 53 10650
16424965 48 53 10649
16424995 48 53 10658
16424995 48 53 10665
16425015 48 53 10657
16425015 48 53 10658
16425035 48 53 10656
16425055 48 53 10653
16425075 48 53 10654
16425075 48 53 10648
16425115 48 53 10647
16425115 48 53 10644
16425135 48 53 10640
16425135 48 53 10642
16425155 48 53 10651
16425175 48 53 10650
16425205 48 53 10648
16425205 48 53 10649
16425225 48 53 10654
16425225 48 53 10655
16425245 48 53 10650
16425265 48 53 10655
16425285 48 53 10646
16425285 48 53 10642
16425315 48 53 10649
16425315 48 53 10635
16425335 48 53 10638
16425355 48 53 10640
16425375 48 53 10643
16425405 48 53 10634
16425405 48 53 10640
16425425 48 53 10641
16425425 48 53 10644
16425445 48 53 10638
16425465 48 53 10634
16425485 48 53 10638
16425485 48 53 10630
16425515 48 53 10625
16425515 48 53 10623
16425535 48 53 10624
16425535 48 53 10640
16425555 48 53 10637
16425575 48 53 10639
16425605 48 53 10630
16425605 48 53 10632
16425625 48 53 10640
16425625 48 53 10649
16425645 48 53 10631
16425675 48 53 10638
16425695 48 53 10642
16425695 48 53 10645
16425725 48 53 10632
16425725 48 53 10635
16425745 48 53 10638
16425745 48 53 10640
16425765 48 53 10639
16425785 48 53 10644
16425815 48 53 10646
16425815 48 53 10642
16425835 48 53 10645
16425835 48 53 10638
16425855 48 53 10638
16425875 48 53 10649
16425895 48 53 10641
16425895 48 53 10647
16425925 48 53 10648
16425925 48 53 10634
16425945 48 53 10632
16425945 48 53 10631
16425965 48 53 10635
16425985 48 53 10644
16426015 48 53 10634
16426015 48 53 10645
16426035 48 53 10630
16426035 48 53 10627
16426055 48 53 10619
16426075 48 53 10643
16426095 48 53 10643
16426095 48 53 10641
16426125 48 53 10638
16426125 48 53 10636
16426145 48 53 10634
16426145 48 53 10645
16426165 48 53 10633
16426185 48 53 10632
16426225 48 53 10637
16426225 48 53 10629
16426245 48 53 10624
16426245 48 53 10627
16426265 48 53 10625
16426285 48 53 10635
16426305 48 53 10611
16426305 48 53 10622
16426335 48 53 10629
16426335 48 53 10633
16426355 48 53 10644
16426355 48 53 10643
16426375 48 53 10634
16426395 48 53 10636
16426425 48 53 10636
16426425 48 53 10626
16426445 48 53 10625
16426445 48 53 10635
16426465 48 53 10645
16426485 48 53 10628
16426505 48 53 10634
16426505 48 53 10636
16426535 48 53 10645
16426535 48 53 10625
16426555 48 53 10635
16426555 48 53 10632
16426575 48 53 10635
16426595 48 53 10644
16426625 48 53 10642
16426625 48 53 10645
16426645 48 53 10645
16426645 48 53 10630
16426665 48 53 10636
16426685 48 53 10630
16426705 48 53 10629
16426705 48 53 10625
16426745 48 53 10636
16426745 48 53 10638
16426765 48 53 10631
16426765 48 53 10636
16426785 48 53 10636
16426805 48 53 10636
16426835 48 53 10639
16426835 48 53 10637
16426855 48 53 10631
16426855 48 53 10643
16426875 48 53 10636
16426895 48 53 10638
16426915 48 53 10631
16426915 48 53 10633
16426945 48 53 10636
16426945 48 53 10629
16426965 48 53 10626
16426965 48 53 10640
16426985 48 53 10635
16427005 48 53 10631
16427035 48 53 10621
16427035 48 53 10631
16427055 48 53 10618
16427055 48 53 10630
16427075 48 53 10638
16427095 48 53 10629
16427115 48 53 10629
16427115 48 53 10627
16427145 48 53 10639
16427145 48 53 10629
16427165 48 53 10639
16427165 48 53 10634
16427185 48 53 10634
16427205 48 53 10633
16427235 48 53 10625
16427235 48 53 10635
16427255 48 53 10623
16427255 48 53 10628
16427285 48 53 10629
16427305 48 53 10621
16427325 48 53 10619
16427325 48 53 10627
16427355 48 53 10625
16427355 48 53 10619
16427375 48 53 10612
16427375 48 53 10621
16427395 48 53 10620
16427415 48 53 10633
16427445 48 53 10626
16427445 48 53 10628
16427465 48 53 10630
16427465 48 53 10622
16427485 48 53 10632
16427505 48 53 10629
16427525 48 53 10629
16427525 48 53 10626
16427555 48 53 10634
16427555 48 53 10637
16427575 48 53 10625
16427575 48 53 10630
16427595 48 53 10629
16427615 48 53 10623
16427645 48 53 10630
16427645 48 53 10626
16427665 48 53 10624
16427665 48 53 10627
16427685 48 53 10617
16427705 48 53 10622
16427725 48 53 10622
16427725 48 53 10620
16427755 48 53 10625
16427755 48 53 10629
16427775 48 53 10634
16427775 48 53 10638
16427795 48 53 10628
16427815 48 53 10628
16427855 48 53 10620
16427855 48 53 10611
16427865 48 53 10624
16427865 48 53 10622
16427895 48 53 10633
16427915 48 53 10620
16427935 48 53 10614
16427935 48 53 10617
16427965 48 53 10623
16427965 48 53 10622
16427985 48 53 10613
16427985 48 53 10619
16428005 48 53 10623
16428025 48 53 10619
16428055 48 53 10619
16428055 48 53 10621
16428075 48 53 10624
16428075 48 53 10627
16428095 48 53 10618
16428115 48 53 10620
16428135 48 53 10624
16428135 48 53 10620
16428165 48 53 10617
16428165 48 53 10615
16428185 48 53 10618
16428185 48 53 10628
16428205 48 53 10619
16428225 48 53 10621
16428255 48 53 10628
16428255 48 53 10627
16428275 48 53 10622
16428275 48 53 10619
16428295 48 53 10629
16428315 48 53 10629
16428335 48 53 10623
16428335 48 53 10635
16428365 48 53 10628
16428365 48 53 10631
16428395 48 53 10622
16428395 48 53 10626
16428415 48 53 10628
16428435 48 53 10628
16428465 48 53 10628
16428465 48 53 10635
16428485 48 53 10618
16428485 48 53 10629
16428505 48 53 10629
16428525 48 53 10611
16428545 48 53 10615
16428545 48 53 10604
16428575 48 53 10617
16428575 48 53 10620
16428595 48 53 10621
16428595 48 53 10616
16428615 48 53 10618
16428635 48 53 10615
16428665 48 53 10614
16428665 48 53 10610
16428685 48 53 10608
16428685 48 53 10608
16428705 48 53 10614
16428725 48 53 10608
16428745 48 53 10607
16428745 48 53 10608
16428775 48 53 10616
16428775 48 53 10614
16428795 48 53 10617
16428795 48 53 10619
16428815 48 53 10614
16428835 48 53 10605
16428865 48 53 10618
16428865 48 53 10617
16428885 48 53 10615
16428885 48 53 10612
16428905 48 53 10624
16428935 48 53 10627
16428955 48 53 10631
16428955 48 53 10626
16428975 48 53 10625
16428975 48 53 10615
16429005 48 53 10613
16429005 48 53 10619
16429025 48 53 10622
16429045 48 53 10612
16429075 48 53 10610
16429075 48 53 10601
16429095 48 53 10607
16429095 48 53 10605
16429115 48 53 10616
16429135 48 53 10614
16429155 48 53 10623
16429155 48 53 10608
16429185 48 53 10603
16429185 48 53 10611
16429205 48 53 10617
16429205 48 53 10622
16429225 48 53 10611
16429245 48 53 10614
16429275 48 53 10618
16429275 48 53 10606
16429295 48 53 10615
16429295 48 53 10619
16429315 48 53 10617
16429335 48 53 10624
16429355 48 53 10624
16429355 48 53 10634
16429385 48 53 10620
16429385 48 53 10616
16429405 48 53 10620
16429405 48 53 10624
16429425 48 53 10627
16429445 48 53 10624
16429475 48 53 10605
16429475 48 53 10615
16429505 48 53 10609
16429505 48 53 10614
16429525 48 53 10620
