17528149 33 39 18154
17528149 33 39 18160
17528169 33 39 18165
17528169 33 39 18171
17528189 33 39 18158
17528209 33 39 18163
17528239 33 39 18165
17528239 33 39 18168
17528269 33 39 18162
17528269 33 39 18167
17528289 33 39 18177
17528309 33 39 18195
17528329 33 39 18184
17528329 33 39 18210
17528359 33 39 18214
17528359 33 39 18213
17528379 33 39 18215
17528379 33 39 18220
17528399 33 39 18210
17528419 33 39 18189
17528449 33 39 18187
17528449 33 39 18181
17528469 33 39 18191
17528469 33 39 18187
17528489 33 39 18204
17528509 33 39 18215
17528529 33 39 18199
17528529 33 39 18210
17528559 33 39 18205
17528559 33 39 18216
17528579 33 39 18209
17528579 33 39 18227
17528599 33 39 18226
17528619 33 39 18224
17528649 33 39 18226
17528649 33 39 18226
17528669 33 39 18207
17528669 33 39 18213
17528689 33 39 18195
17528709 33 39 18211
17528729 33 39 18209
17528729 33 39 18219
17528759 33 39 18203
17528779 33 39 18202
17528779 33 39 18214
17528809 33 39 18210
17528829 33 39 18218
17528849 33 39 18192
17528849 33 39 18190
17528879 33 39 18193
17528879 33 39 18197
17528899 33 39 18195
17528919 33 39 18188
17528939 33 39 18170
17528939 33 39 18174
17528969 33 39 18181
17528969 33 39 18180
17528989 33 39 18186
17528989 33 39 18193
17529009 33 39 18183
17529029 33 39 18156
17529059 33 39 18158
17529059 33 39 18167
17529079 33 39 18168
17529079 33 39 18179
17529099 33 39 18171
17529119 33 39 18151
17529139 33 39 18178
17529139 33 39 18179
17529169 33 39 18191
17529169 33 39 18188
17529189 33 39 18195
17529189 33 39 18200
17529209 33 39 18203
17529229 33 39 18187
17529259 33 39 18187
17529259 33 39 18192
17529279 33 39 18191
17529279 33 39 18184
17529299 33 39 18182
17529319 33 39 18176
17529349 33 39 18206
17529349 33 39 18194
17529379 33 39 18183
17529379 33 39 18189
17529389 33 39 18186
17529389 33 39 18190
17529419 33 39 18187
17529439 33 39 18194
17529469 33 39 18188
17529469 33 39 18176
17529489 33 39 18180
17529489 33 39 18188
17529509 33 39 18186
17529529 33 39 18198
17529549 33 39 18212
17529549 33 39 18215
17529579 33 39 18219
17529579 33 39 18214
17529599 33 39 18214
17529599 33 39 18222
17529619 33 39 18214
17529639 33 39 18235
17529669 33 39 18243
17529669 33 39 18238
17529689 33 39 18230
17529689 33 39 18243
17529709 33 39 18234
17529729 33 39 18208
17529749 33 39 18225
17529749 33 39 18250
17529779 33 39 18250
17529779 33 39 18244
17529799 33 39 18239
17529799 33 39 18251
17529819 33 39 18241
17529839 33 39 18236
17529869 33 39 18254
17529869 33 39 18258
17529889 33 39 18235
17529889 33 39 18228
17529919 33 39 18234
17529939 33 39 18202
17529959 33 39 18206
17529959 33 39 18211
17529989 33 39 18205
17529989 33 39 18213
17530009 33 39 18222
17530009 33 39 18210
17530029 33 39 18200
17530049 33 39 18213
17530079 33 39 18216
17530079 33 39 18219
17530099 33 39 18210
17530099 33 39 18208
17530119 33 39 18190
17530139 33 39 18201
17530159 33 39 18212
17530159 33 39 18199
17530189 33 39 18222
17530189 33 39 18215
17530209 33 39 18212
17530209 33 39 18205
17530229 33 39 18204
17530249 33 39 18225
17530279 33 39 18227
17530279 33 39 18214
17530299 33 39 18214
17530299 33 39 18219
17530319 33 39 18219
17530339 33 39 18208
17530359 33 39 18220
17530359 33 39 18221
17530389 33 39 18218
17530389 33 39 18225
17530409 33 39 18230
17530409 33 39 18240
17530429 33 39 18239
17530459 33 39 18235
17530479 33 39 18235
17530479 33 39 18250
17530509 33 39 18261
17530509 33 39 18245
17530529 33 39 18231
17530549 33 39 18226
17530569 33 39 18223
17530569 33 39 18226
17530599 33 39 18233
17530599 33 39 18234
17530619 33 39 18206
17530619 33 39 18206
17530639 33 39 18209
17530659 33 39 18206
17530689 33 39 18219
17530689 33 39 18214
17530709 33 39 18224
17530709 33 39 18219
17530729 33 39 18211
17530749 33 39 18216
17530769 33 39 18232
17530769 33 39 18237
17530799 33 39 18212
17530799 33 39 18222
17530819 33 39 18220
17530819 33 39 18212
17530839 33 39 18217
17530859 33 39 18190
17530889 33 39 18220
17530889 33 39 18194
17530909 33 39 18196
17530909 33 39 18195
17530929 33 39 18182
17530959 33 39 18172
17530979 33 39 18200
17530979 33 39 18189
17531009 33 39 18188
17531009 33 39 18183
17531029 33 39 18202
17531029 33 39 18193
17531049 33 39 18191
17531069 33 39 18209
17531099 33 39 18192
17531099 33 39 18188
17531119 33 39 18207
17531119 33 39 18200
17531139 33 39 18192
17531159 33 39 18186
17531179 33 39 18200
17531179 33 39 18183
17531209 33 39 18188
17531209 33 39 18195
17531229 33 39 18192
17531229 33 39 18198
17531249 33 39 18192
17531269 33 39 18192
17531299 33 39 18199
17531299 33 39 18212
17531319 33 39 18198
17531319 33 39 18214
17531339 33 39 18211
17531359 33 39 18199
17531379 33 39 18201
17531379 33 39 18194
17531409 33 39 18197
17531409 33 39 18188
17531429 33 39 18210
17531429 33 39 18203
17531449 33 39 18208
17531469 33 39 18210
17531509 33 39 18202
17531509 33 39 18206
17531529 33 39 18203
17531529 33 39 18188
17531549 33 39 18206
17531569 33 39 18208
17531589 33 39 18228
17531589 33 39 18223
17531619 33 39 18225
17531619 33 39 18230
17531639 33 39 18230
17531639 33 39 18224
17531659 33 39 18235
17531679 33 39 18243
17531709 33 39 18234
17531709 33 39 18240
17531729 33 39 18260
17531729 33 39 18244
17531749 33 39 18243
17531769 33 39 18271
17531789 33 39 18253
17531789 33 39 18265
17531819 33 39 18261
17531819 33 39 18258
17531839 33 39 18273
17531839 33 39 18273
17531859 33 39 18272
17531879 33 39 18261
17531879 33 39 18256
17531909 33 39 18251
17531909 33 39 18245
17531929 33 39 18251
17531929 33 39 18250
17531949 33 39 18242
17531969 33 39 18260
17531969 33 39 18256
17531989 33 39 18268
17531989 33 39 18241
17532019 33 39 18246
17532019 33 39 18257
17532049 33 39 18253
17532049 33 39 18247
17532069 33 39 18249
17532089 33 39 18223
17532119 33 39 18229
17532119 33 39 18224
17532139 33 39 18219
17532139 33 39 18222
17532159 33 39 18220
17532179 33 39 18217
17532199 33 39 18199
17532199 33 39 18208
17532229 33 39 18194
17532229 33 39 18190
17532249 33 39 18207
17532249 33 39 18226
17532269 33 39 18214
17532289 33 39 18210
17532319 33 39 18213
17532319 33 39 18218
17532339 33 39 18220
17532339 33 39 18219
17532359 33 39 18233
17532379 33 39 18215
17532399 33 39 18219
17532399 33 39 18217
17532429 33 39 18221
17532429 33 39 18236
17532449 33 39 18225
17532449 33 39 18221
17532469 33 39 18235
17532489 33 39 18243
17532519 33 39 18222
17532519 33 39 18214
17532539 33 39 18235
17532539 33 39 18270
17532559 33 39 18258
17532589 33 39 18208
17532609 33 39 18228
17532609 33 39 18226
17532629 33 39 18221
17532629 33 39 18220
17532659 33 39 18205
17532659 33 39 18204
17532679 33 39 18180
17532699 33 39 18205
17532729 33 39 18163
17532729 33 39 18136
17532749 33 39 18128
17532749 33 39 18148
17532769 33 39 18143
17532789 33 39 18033
17532809 33 39 17990
17532809 33 39 17983
17532839 33 39 17986
17532839 33 39 18004
17532859 33 39 18032
17532859 33 39 17995
17532879 33 39 17974
17532899 33 39 18012
17532929 33 39 18050
17532929 33 39 18018
17532949 33 39 17984
17532949 33 39 17968
17532969 33 39 17953
17532989 33 39 17939
17533009 33 39 17877
17533009 33 39 17822
17533039 33 39 17750
17533039 33 40 17683
17533059 33 40 17633
17533059 33 40 17606
17533079 33 40 17559
17533099 33 40 17472
17533129 36 40 17366
17533129 36 40 17315
17533159 36 40 17288
17533159 36 40 17259
17533179 36 40 17186
17533199 36 40 17100
17533219 36 41 16996
17533219 36 41 16951
17533249 36 41 16910
17533249 36 41 16870
17533269 36 41 16813
17533269 36 41 16753
17533289 36 41 16717
17533309 36 41 16695
17533339 36 41 16630
17533339 36 41 16595
17533359 36 41 16569
17533359 36 41 16554
17533379 36 42 16473
17533399 36 42 16433
17533419 36 42 16380
17533419 36 42 16348
17533449 36 42 16311
17533449 36 42 16293
17533469 36 42 16275
17533469 36 42 16230
17533489 36 42 16210
17533509 36 42 16201
17533539 36 42 16190
17533539 36 42 16185
17533559 36 42 16191
17533559 36 42 16192
17533579 38 42 16187
17533599 38 42 16173
17533619 38 42 16136
17533619 38 42 16132
17533649 38 42 16132
17533649 38 42 16125
17533679 38 42 16116
17533679 38 42 16104
17533699 38 42 16100
17533719 38 42 16104
17533749 38 42 16068
17533749 38 42 16054
17533769 38 42 16032
17533769 38 42 16027
17533789 38 42 15977
17533809 38 42 15952
17533829 38 42 15940
17533829 38 42 15928
17533859 38 42 15911
17533859 38 42 15898
17533879 38 42 15897
17533879 38 42 15884
17533899 38 42 15850
17533919 38 42 15840
17533949 38 42 15809
17533949 38 43 15814
17533969 38 43 15802
17533969 38 43 15783
17533989 38 43 15780
17534009 38 43 15771
17534029 38 43 15767
17534029 38 43 15754
17534059 38 43 15762
17534059 38 43 15753
17534079 38 43 15753
17534079 38 43 15740
17534099 38 43 15721
17534119 38 43 15706
17534149 38 43 15695
17534149 38 43 15686
17534169 38 43 15686
17534169 38 43 15663
17534189 38 43 15643
17534219 38 43 15651
17534239 38 43 15644
17534239 38 43 15651
17534259 38 43 15639
17534259 38 43 15656
17534289 38 43 15651
17534289 38 43 15649
17534309 38 43 15648
17534329 38 43 15638
17534359 38 43 15637
17534359 38 43 15635
17534379 38 43 15629
17534379 38 43 15634
17534399 38 43 15635
17534419 38 43 15650
17534439 38 43 15631
17534439 38 43 15627
17534469 38 43 15618
17534469 38 43 15618
17534489 38 43 15638
17534489 38 43 15624
17534509 38 43 15624
17534529 38 43 15626
17534559 38 43 15610
17534559 38 43 15634
17534579 38 43 15607
17534579 38 43 15597
17534599 38 43 15598
17534619 38 43 15590
17534639 38 43 15596
17534639 38 43 15590
17534669 38 43 15583
17534669 38 43 15567
17534689 38 43 15559
17534689 38 43 15546
17534709 38 43 15536
17534729 38 43 15535
17534759 38 43 15516
17534759 38 43 15527
17534789 38 43 15520
17534789 38 43 15490
17534799 38 43 15496
17534829 38 43 15484
17534849 38 43 15490
17534849 38 43 15509
17534879 38 43 15490
17534879 38 43 15499
17534899 38 43 15502
17534899 38 43 15498
17534919 38 43 15487
17534939 38 43 15504
17534969 38 43 15496
17534969 38 43 15489
17534989 38 43 15472
17534989 38 43 15472
17535009 38 43 15497
17535029 38 43 15503
17535049 38 43 15476
17535049 38 43 15465
17535079 38 43 15467
17535079 38 43 15473
17535099 38 43 15481
17535099 38 43 15469
17535119 38 43 15461
17535139 38 43 15459
17535169 38 43 15484
17535169 38 43 15466
17535189 38 43 15484
17535189 38 43 15466
17535209 38 43 15472
17535229 38 43 15499
17535249 38 43 15489
17535249 38 43 15484
17535279 38 43 15488
17535279 38 43 15501
17535299 38 43 15491
17535299 38 43 15496
17535329 38 43 15480
17535349 38 43 15493
17535369 38 43 15491
17535369 38 43 15480
17535399 38 43 15493
17535399 38 43 15499
17535419 38 43 15476
17535439 38 43 15487
17535459 38 43 15489
17535459 38 43 15502
17535489 38 43 15500
17535489 38 43 15499
17535509 38 43 15498
17535509 38 43 15504
17535529 38 43 15496
17535549 38 43 15493
17535579 38 43 15504
17535579 38 43 15508
17535599 38 43 15514
17535599 38 43 15513
17535619 38 43 15513
17535639 38 43 15509
17535659 38 43 15530
17535659 38 43 15541
17535689 38 43 15555
17535689 38 43 15558
17535709 38 43 15548
17535709 38 43 15532
17535729 38 43 15524
17535749 38 43 15512
17535779 38 43 15533
17535779 38 43 15542
17535799 38 43 15554
17535799 38 43 15546
17535819 38 43 15540
17535839 38 43 15522
17535859 38 43 15528
17535859 38 43 15533
17535899 38 43 15535
17535899 38 43 15518
17535919 38 43 15517
17535919 38 43 15500
17535939 38 43 15469
17535959 38 43 15452
17535989 38 43 15416
17535989 38 43 15405
17536009 38 44 15378
17536009 38 44 15367
17536029 38 44 15331
17536049 38 44 15317
17536069 38 44 15281
17536069 38 44 15274
17536099 38 44 15227
17536099 38 44 15204
17536119 38 44 15187
17536119 38 44 15168
17536139 38 44 15111
17536159 38 44 15074
17536189 38 44 15023
17536189 38 44 15000
17536209 38 44 14982
17536209 38 44 14947
17536229 38 44 14907
17536249 38 44 14863
17536269 38 44 14830
17536269 38 44 14825
17536299 38 44 14821
17536299 38 45 14801
17536319 38 45 14786
17536319 38 45 14776
17536339 38 45 14741
17536359 38 45 14703
17536389 38 45 14659
17536389 38 45 14656
17536419 38 45 14616
17536419 38 45 14615
17536429 38 45 14583
17536459 38 45 14544
17536479 38 45 14493
17536479 38 45 14470
17536509 38 45 14448
17536509 38 45 14426
17536529 38 45 14413
17536529 38 45 14389
17536549 41 45 14333
17536569 41 45 14298
17536599 41 45 14242
17536599 41 45 14218
17536619 41 46 14176
17536619 41 46 14169
17536639 41 46 14127
17536659 41 46 14093
17536679 41 46 14026
17536679 41 46 13994
17536709 41 46 13902
17536709 41 46 13848
17536729 41 46 13835
17536729 41 46 13850
17536749 41 46 13856
17536769 41 46 13768
17536799 41 46 13778
17536799 41 46 13765
17536819 41 46 13743
17536819 41 46 13724
17536839 41 46 13717
17536859 41 46 13693
17536879 41 46 13671
17536879 41 46 13665
17536909 41 46 13650
17536909 41 46 13645
17536929 41 46 13644
17536929 41 46 13636
17536959 41 46 13603
17536969 41 47 13554
17536999 41 47 13537
17536999 41 47 13515
17537029 41 47 13502
17537029 41 47 13483
17537049 41 47 13456
17537069 41 47 13427
17537089 41 47 13391
17537089 41 47 13380
17537119 41 47 13350
17537119 41 47 13332
17537139 41 47 13317
17537139 41 47 13304
17537159 41 47 13270
17537179 41 47 13239
17537209 41 47 13202
17537209 41 47 13192
17537229 41 47 13176
17537229 41 47 13172
17537249 43 47 13146
17537269 43 47 13128
17537289 43 47 13104
17537289 43 48 13106
17537319 43 48 13090
17537319 43 48 13075
17537339 43 48 13062
17537359 43 48 13042
17537379 43 48 13027
17537409 43 48 13006
17537409 43 48 12994
17537429 43 48 12981
17537429 43 48 12983
17537449 43 48 12964
17537469 43 48 12943
17537499 43 48 12942
17537499 43 48 12930
17537519 43 48 12925
17537519 43 48 12915
17537539 43 48 12931
17537539 43 48 12917
17537569 43 48 12933
17537589 43 48 12936
17537619 43 48 12935
17537619 43 48 12926
17537639 43 48 12913
17537659 43 48 12917
17537679 43 48 12919
17537699 43 48 12925
17537699 43 48 12912
17537729 43 48 12897
17537729 43 48 12901
17537749 43 48 12905
17537749 43 48 12903
17537769 43 48 12894
17537789 43 48 12890
17537819 43 48 12899
17537819 43 48 12893
17537839 43 48 12899
17537839 43 48 12906
17537859 43 48 12889
17537879 43 48 12915
17537899 43 48 12907
17537899 43 48 12902
17537929 43 48 12915
17537929 43 48 12930
17537949 43 48 12911
17537949 43 48 12905
17537969 43 48 12910
17537989 43 48 12913
17538019 43 48 12898
17538019 43 48 12894
17538039 43 48 12900
17538039 43 48 12900
17538059 43 48 12909
17538089 43 48 12925
17538109 43 48 12931
17538109 43 48 12924
17538139 43 48 12931
17538139 43 48 12937
17538159 43 48 12936
17538159 43 48 12936
17538179 43 48 12928
17538199 43 48 12942
17538229 43 48 12935
17538229 43 48 12922
17538249 43 48 12929
17538249 43 48 12935
17538269 43 48 12914
17538289 43 48 12921
17538309 43 48 12933
17538309 43 48 12933
17538339 43 48 12926
17538339 43 48 12917
17538359 43 48 12925
17538359 43 48 12923
17538379 43 48 12928
17538399 43 48 12934
17538429 43 48 12934
17538429 43 48 12931
17538449 43 48 12924
17538449 43 48 12929
17538469 43 48 12915
17538489 43 48 12933
17538509 43 48 12926
17538509 43 48 12917
17538539 43 48 12906
17538539 43 48 12904
17538559 43 48 12919
17538559 43 48 12919
17538589 43 48 12920
17538609 43 48 12919
17538629 43 48 12932
17538629 43 48 12919
17538659 43 48 12923
17538659 43 48 12923
17538679 43 48 12905
17538699 43 48 12908
17538719 43 48 12907
17538719 43 48 12921
17538749 43 48 12903
17538749 43 48 12893
17538769 43 48 12891
17538769 43 48 12890
17538789 43 48 12899
17538809 43 48 12901
17538839 43 48 12899
17538839 43 48 12896
17538859 43 48 12901
17538859 43 48 12912
17538879 43 48 12893
17538899 43 48 12918
17538919 43 48 12912
17538919 43 48 12910
17538949 43 48 12897
17538949 43 48 12901
17538969 43 48 12889
17538969 43 48 12900
17538989 43 48 12906
17539009 43 48 12894
17539039 43 48 12907
17539039 43 48 12908
17539059 43 48 12910
17539059 43 48 12910
17539079 43 48 12913
17539099 43 48 12926
17539119 43 48 12934
17539119 43 48 12933
17539159 43 48 12919
17539159 43 48 12904
17539169 43 48 12906
17539169 43 48 12900
17539199 43 48 12873
17539219 43 48 12830
17539249 43 48 12822
17539249 43 48 12797
17539269 43 48 12784
17539269 43 48 12757
17539289 43 48 12720
17539309 43 48 12700
17539329 43 48 12660
17539329 43 49 12652
17539359 43 49 12624
17539359 43 49 12620
17539379 43 49 12595
17539379 43 49 12573
17539399 43 49 12531
17539419 43 49 12489
17539449 43 49 12461
17539449 43 49 12455
17539469 43 49 12427
17539469 43 49 12411
17539489 43 49 12379
17539509 43 49 12332
17539529 43 49 12234
17539529 43 49 12218
17539559 43 49 12207
17539559 43 49 12189
17539579 43 49 12186
17539579 43 49 12172
17539599 43 50 12179
17539619 43 50 12129
17539649 43 50 12125
17539649 43 50 12127
17539669 43 50 12111
17539669 43 50 12094
17539699 46 50 12072
17539709 46 50 12033
17539739 46 50 11991
17539739 46 50 11968
17539769 46 50 11950
17539769 46 50 11937
17539789 46 50 11911
17539789 46 50 11898
17539809 46 50 11870
17539829 46 51 11822
17539859 46 51 11783
17539859 46 51 11779
17539879 46 51 11745
17539879 46 51 11737
17539899 46 51 11696
17539919 46 51 11643
17539939 46 51 11620
17539939 46 51 11592
17539969 46 51 11561
17539969 46 51 11557
17539989 46 51 11549
17539989 46 51 11540
17540009 46 51 11554
17540029 46 51 11530
17540059 46 51 11531
17540059 46 51 11523
17540079 46 51 11511
17540079 46 51 11486
17540099 46 51 11478
17540119 46 51 11452
17540139 46 51 11424
17540139 46 51 11411
17540169 46 51 11386
17540169 46 52 11365
17540189 46 52 11337
17540209 46 52 11292
17540239 46 52 11269
17540259 46 52 11251
17540259 46 52 11236
17540289 46 52 11222
17540289 46 52 11223
17540309 46 52 11203
17540329 46 52 11185
17540349 46 52 11174
17540349 46 52 11163
17540379 46 52 11153
17540379 46 52 11151
17540399 46 52 11140
17540399 46 52 11151
17540419 46 52 11119
17540439 46 52 11110
17540469 46 52 11102
17540469 46 52 11088
17540489 46 52 11079
17540509 46 52 11069
17540529 46 52 11038
17540549 48 52 10989
17540549 48 52 10976
17540579 48 52 10976
17540579 48 52 10975
17540599 48 52 10967
17540599 48 52 10967
17540619 48 53 10943
17540639 48 53 10942
17540669 48 53 10937
17540669 48 53 10941
17540689 48 53 10929
17540689 48 53 10930
17540709 48 53 10927
17540709 48 53 46003
17540729 48 53 10922
17540749 48 53 10918
17540749 48 53 10910
17540779 48 53 10929
17540779 48 53 10927
17540799 48 53 10933
17540799 48 53 10923
17540819 48 53 10925
17540849 48 53 10915
17540879 48 53 10913
17540879 48 53 10914
17540899 48 53 10930
17540899 48 53 10939
17540919 48 52 10940
17540939 48 53 10921
17540959 48 53 10923
17540959 48 53 10926
17540989 48 53 10924
17540989 48 53 10924
17541009 48 53 10923
17541009 48 53 10925
17541029 48 53 10923
17541049 48 53 10917
17541079 48 53 10932
17541079 48 53 10934
17541099 48 53 10932
17541119 48 53 10925
17541139 48 53 10935
17541159 48 53 10928
17541159 48 53 10927
17541189 48 53 10925
17541189 48 53 10929
17541209 48 53 10925
17541209 48 53 10933
17541229 48 53 10931
17541249 48 53 10929
17541279 48 53 10924
17541279 48 53 10921
17541299 48 53 10926
17541299 48 53 10939
17541329 48 52 10926
17541339 48 53 10926
17541369 48 53 10934
17541369 48 53 10935
17541399 48 53 10931
17541399 48 53 10932
17541419 48 53 10937
17541419 48 53 10924
17541439 48 52 10946
17541459 48 52 10935
17541489 48 53 10930
17541489 48 53 10930
17541509 48 53 10926
17541509 48 53 10930
17541529 48 53 10933
17541549 48 53 10927
17541569 48 53 10930
17541569 48 53 10922
17541599 48 53 10935
17541599 48 53 10939
17541619 48 53 10929
17541619 48 53 10936
17541639 48 53 10936
17541659 48 53 10944
17541689 48 53 10932
17541689 48 53 10932
17541709 48 53 10939
17541709 48 53 10937
17541729 48 53 10927
17541749 48 53 10929
17541769 48 53 10940
17541769 48 53 10927
17541799 48 53 10928
17541799 48 53 10922
17541819 48 53 10922
17541819 48 53 10931
17541839 48 52 10937
17541869 48 53 10936
17541889 48 53 10928
17541889 48 53 10939
17541909 48 53 10934
17541909 48 52 10937
17541939 48 52 10930
17541959 48 52 10913
17541979 48 53 10935
17541979 48 52 10930
17542009 48 52 10922
17542009 48 52 10923
17542029 48 52 10928
17542029 48 53 10938
17542049 48 53 10928
17542069 48 53 10931
17542099 48 53 10936
17542099 48 53 10925
17542119 48 53 10923
17542119 48 53 10928
17542139 48 53 10921
17542159 48 53 10928
17542179 48 53 10930
17542179 48 53 10921
17542209 48 53 10915
17542209 48 53 10909
17542229 48 53 10920
17542229 48 53 10914
17542249 48 53 10885
17542269 48 53 10852
17542299 48 53 10809
17542299 48 53 10793
17542319 48 53 10757
17542319 48 53 10731
17542339 48 53 10732
17542359 48 53 10712
17542379 48 53 10664
17542379 48 53 10642
17542409 48 53 10626
17542409 48 53 10610
17542429 48 53 10609
17542429 48 53 10586
17542449 48 53 10557
17542479 48 54 10530
17542509 48 54 10516
17542509 48 54 10508
17542529 48 54 10508
17542529 48 54 10504
17542549 48 54 10498
17542569 48 54 10480
17542589 48 54 10466
17542589 48 54 10462
17542619 48 54 10467
17542619 48 54 10469
17542639 48 54 10448
17542639 48 54 10436
17542659 48 54 10423
17542679 48 54 10420
17542709 48 54 10392
17542709 48 54 10377
17542729 48 55 10368
17542729 48 55 10364
17542749 51 55 10332
17542769 51 55 10298
17542789 51 55 10273
17542789 51 55 10261
17542819 51 55 10271
17542819 51 55 10243
17542839 51 55 10219
17542839 51 55 10193
17542859 51 55 10158
17542879 51 55 10130
17542909 51 55 10139
17542909 51 55 10124
17542929 51 55 10111
17542929 51 55 10098
17542949 51 55 10064
17542969 51 55 10025
17542989 51 55 10006
17542989 51 55 9980
17543019 51 55 9967
17543019 51 55 9963
17543049 51 55 9949
17543049 51 55 9945
17543069 51 55 9909
17543089 51 56 9886
17543119 51 56 9855
17543119 51 56 9840
17543139 51 56 9832
17543139 51 56 9823
17543159 51 56 9809
17543179 51 56 9781
17543199 51 56 9737
17543199 51 56 9727
17543229 51 56 9723
17543229 51 56 9704
17543249 51 56 9696
17543249 51 56 9699
17543269 51 56 9663
17543289 51 56 9631
17543319 51 56 9613
17543319 51 56 9596
17543339 51 56 9574
17543339 51 56 9557
17543359 51 56 9545
17543379 51 56 9534
17543399 51 56 9497
17543399 51 56 9497
17543429 51 56 9490
17543429 51 57 9479
17543449 51 56 9469
17543449 51 56 9465
17543469 51 57 9437
17543489 51 57 9429
17543519 51 57 9414
17543519 51 57 9407
17543539 51 57 9404
17543539 51 57 9399
17543589 51 57 9378
17543609 51 57 9376
17543609 51 57 9368
17543639 51 57 9367
17543639 51 57 9368
17543659 51 57 9363
17543659 51 57 9355
17543679 51 57 9336
17543699 51 57 9337
17543729 51 57 9331
17543729 51 57 9324
17543749 51 57 9316
17543749 51 57 9320
17543769 51 57 9308
17543789 51 57 9303
17543809 51 57 9299
17543809 51 57 9308
17543839 51 57 9298
17543839 51 57 9296
17543859 53 57 9287
17543859 53 57 9280
17543879 53 57 9275
17543899 53 57 9281
17543929 53 57 9282
17543929 53 57 9284
17543949 53 57 9273
17543949 53 57 9265
17543969 53 57 9258
17543989 53 57 9265
17544009 53 57 9244
17544009 53 57 9241
17544039 53 57 9241
17544039 53 57 9250
17544059 53 57 9253
17544059 53 57 9252
17544079 53 57 9235
17544109 53 57 9229
17544129 53 57 9243
17544129 53 58 9242
17544149 53 57 9247
17544149 53 57 9243
17544179 53 57 9240
17544199 53 58 9239
17544219 53 58 9242
17544219 53 57 9239
17544249 53 57 9244
17544249 53 57 9246
17544269 53 57 9238
17544269 53 57 9239
17544289 53 58 9246
17544309 53 58 9243
17544339 53 57 9239
17544339 53 58 9241
17544359 53 58 9246
17544359 53 58 9240
17544379 53 58 9238
17544399 53 58 9229
17544419 53 58 9237
17544419 53 58 9230
17544449 53 58 9246
17544469 53 58 9230
17544469 53 58 9236
17544489 53 58 9235
17544509 53 58 9202
17544539 53 57 9179
17544539 53 57 9212
17544559 53 58 9233
17544559 53 58 9241
17544579 53 57 9234
17544599 53 58 9214
17544619 53 58 9227
17544619 53 58 9228
17544649 53 58 9233
17544649 53 58 9247
17544669 53 58 9241
17544669 53 58 9231
17544689 53 58 9235
17544719 53 57 9237
17544749 53 58 9238
17544749 53 58 9243
17544769 53 58 9238
17544769 53 57 9239
17544789 53 58 9223
17544809 53 58 9236
17544829 53 58 9232
17544829 53 58 9227
17544859 53 58 9229
17544859 53 58 9233
17544879 53 58 9231
17544879 53 58 9234
17544899 53 58 9242
17544919 53 58 9243
17544949 53 58 9244
17544949 53 58 9231
17544969 53 58 9241
17544969 53 58 9236
17544989 53 58 9240
17545009 53 58 9225
17545029 53 58 9225
17545029 53 58 9227
17545059 53 58 9226
17545059 53 58 9228
17545079 53 58 9227
17545079 53 58 9226
17545099 53 58 9228
17545119 53 58 9234
17545149 53 58 9225
17545149 53 58 9226
17545169 53 58 9231
17545169 53 58 9221
17545189 53 58 9235
17545219 53 58 9232
17545229 53 58 9224
17545229 53 58 9229
17545259 53 58 9231
17545259 53 58 9234
17545289 53 58 9229
17545289 53 58 9232
17545309 53 58 9226
17545329 53 58 9226
17545359 53 58 9224
17545359 53 58 9219
17545379 53 58 9225
17545379 53 58 9224
17545399 53 58 9219
17545419 53 58 9224
17545439 53 58 9213
17545439 53 58 9215
17545469 53 58 9218
17545469 53 58 9221
17545489 53 58 9227
17545489 53 58 9226
17545509 53 58 9226
17545529 53 58 9232
17545559 53 58 9221
17545559 53 58 9215
17545579 53 58 9221
17545579 53 58 9227
17545599 53 58 9237
17545619 53 58 9216
17545639 53 58 9219
17545639 53 58 9221
17545669 53 58 9229
17545669 53 58 9230
17545689 53 58 9220
17545689 53 58 9222
17545709 53 58 9211
17545729 53 58 9225
17545759 53 58 9226
17545759 53 58 9227
17545779 53 58 9216
17545779 53 58 9212
17545799 53 58 9221
17545829 53 58 9219
17545849 53 58 9235
17545849 53 58 9229
17545879 53 58 9232
17545879 53 58 9211
17545899 53 58 9224
17545899 53 58 9220
17545919 53 58 9229
17545939 53 58 9201
17545969 53 58 9168
17545969 53 58 9198
17545989 53 58 9197
17545989 53 58 9188
17546009 53 58 9155
17546029 53 58 9146
17546049 53 58 9144
17546049 53 58 9127
17546079 53 58 9095
17546079 53 58 9075
17546099 53 58 9053
17546099 53 58 9035
17546119 53 58 9020
17546139 53 58 8961
17546169 53 58 8930
17546169 53 58 8913
17546189 53 58 8892
17546189 53 58 8887
17546209 53 59 8862
17546229 53 59 8836
17546249 53 59 8799
17546249 53 59 8783
17546279 53 59 8763
17546279 53 59 8748
17546299 53 59 8732
17546299 53 59 8721
17546319 53 59 8672
17546349 53 59 8648
17546379 53 59 8625
17546379 53 59 8599
17546399 53 60 8585
17546399 53 60 8580
17546419 53 60 8549
17546439 53 60 8533
17546459 53 60 8509
17546459 53 60 8504
17546489 53 60 8494
17546489 53 60 8487
17546509 53 60 8473
17546509 53 60 8473
17546529 53 60 8457
17546549 56 60 8420
17546579 56 60 8426
17546579 56 60 8420
17546599 56 60 8395
17546599 56 60 8388
17546619 56 60 8366
17546639 56 60 8353
17546659 56 61 8340
17546659 56 61 8325
17546689 56 61 8320
17546689 56 61 8306
17546709 56 61 8289
17546709 56 61 8275
17546729 56 61 8257
17546749 56 61 8231
17546779 56 61 8219
17546779 56 61 8197
17546799 56 61 8195
17546799 56 61 8176
17546819 56 61 8154
17546849 56 61 8148
17546859 56 61 8113
17546859 56 61 8113
17546889 56 61 8086
17546889 56 61 8098
17546919 56 61 8090
17546919 56 61 8080
17546939 56 62 8050
17546959 56 62 8058
17546989 56 62 8043
17546989 56 62 8035
17547009 56 62 8021
17547009 56 62 8022
17547029 56 62 8018
17547049 56 62 8012
17547069 56 62 8010
17547069 56 62 8003
17547099 56 62 8004
17547099 56 62 8009
17547119 56 62 8015
17547139 56 62 7999
17547159 56 62 7990
17547189 56 62 7985
17547189 56 62 7983
17547209 56 62 7977
17547209 56 62 7978
17547229 56 62 7970
17547249 56 62 7966
17547269 56 62 7955
17547269 56 62 7941
17547299 56 62 7946
17547319 56 62 7930
17547339 56 62 7917
17547359 56 62 7914
17547389 56 62 7914
17547389 56 62 7910
17547409 56 62 7911
17547409 56 62 7905
17547429 56 62 7896
17547459 58 62 7884
17547479 58 62 7892
17547479 58 62 7890
17547509 56 62 7876
17547509 56 62 7875
17547529 56 62 7877
17547529 56 62 7876
17547549 56 62 7862
17547569 58 62 7860
17547599 58 62 7850
17547599 58 62 7847
17547619 58 62 7846
17547619 58 62 7850
17547639 58 62 7845
17547659 58 62 7832
17547679 58 62 7832
17547679 58 62 7842
17547709 58 62 7829
17547709 58 62 7821
17547729 58 62 7822
17547729 58 62 7821
17547749 58 62 7828
17547769 58 62 7804
17547799 58 62 7804
17547799 58 62 7812
17547819 58 63 7818
17547819 58 63 7809
17547839 58 63 7817
17547859 58 62 7817
17547879 58 62 7812
17547879 58 62 7812
17547909 58 62 7822
17547909 58 62 7820
17547929 58 62 7820
17547929 58 62 7818
17547949 58 63 7815
17547969 58 62 7815
17548009 58 62 7812
17548009 58 63 7816
17548029 58 63 7811
17548029 58 62 7815
17548049 58 62 7808
17548069 58 63 7807
17548089 58 62 7810
17548089 58 62 7815
17548119 58 62 7809
17548119 58 62 7806
17548139 58 62 7808
17548139 58 62 7810
17548159 58 62 7813
17548179 58 62 7818
17548209 58 62 7820
17548209 58 62 7818
17548229 58 63 7807
17548229 58 63 7804
17548249 58 62 7818
17548269 58 62 7806
17548289 58 63 7817
17548289 58 63 7812
17548319 58 62 7813
17548319 58 62 7815
17548339 58 62 7818
17548339 58 62 7812
17548359 58 63 7806
17548379 58 63 7817
17548409 58 62 7813
17548409 58 63 7814
17548429 58 63 7817
17548429 58 63 7811
17548449 58 63 7815
17548469 58 63 7802
17548499 58 63 7817
17548499 58 63 7803
17548529 58 63 7810
17548529 58 63 7809
17548549 58 63 7812
17548549 58 62 7807
17548569 58 63 7816
17548589 58 62 7797
17548619 58 62 7806
17548619 58 62 7809
17548639 58 62 7800
17548639 58 63 7803
17548659 58 63 7809
17548679 58 63 7812
17548699 58 62 7811
17548699 58 62 7817
17548729 58 62 7806
17548729 58 62 7805
17548749 58 63 7811
17548749 58 63 7808
17548769 58 62 7815
17548789 58 62 7808
17548819 58 62 7808
17548819 58 62 7810
17548839 58 63 7811
17548839 58 63 7808
17548859 58 62 7807
17548879 58 62 7810
17548899 58 63 7799
17548899 58 63 7802
17548929 58 63 7819
17548929 58 63 7812
17548949 58 62 7816
17548949 58 62 7809
17548969 58 62 7807
17548999 58 62 7813
17549019 58 63 7808
17549019 58 62 7808
17549039 58 62 7813
17549039 58 62 7802
17549069 58 62 7807
17549089 58 63 7796
17549109 58 62 7807
17549109 58 63 7804
17549139 58 62 7802
17549139 58 62 7805
17549159 58 63 7805
17549159 58 63 7801
17549179 58 63 7777
17549199 58 63 7775
17549229 58 63 7772
17549229 58 63 7766
17549249 58 63 7765
17549249 58 63 7746
17549269 58 63 7765
17549289 58 63 7751
17549309 58 63 7752
17549309 58 63 7753
17549339 58 63 7750
17549339 58 63 7747
17549359 58 63 7749
17549359 58 63 7761
17549379 58 63 7764
17549399 58 63 7758
17549429 58 63 7757
17549429 58 63 7762
17549449 58 63 7752
17549449 58 63 7745
17549469 58 63 7735
17549489 58 63 7736
17549509 58 63 7717
17549509 58 63 7707
17549549 58 64 7715
17549549 58 64 7697
17549559 58 64 7691
17549559 58 64 7688
17549589 58 64 7669
17549609 58 64 7653
17549639 58 64 7633
17549639 58 64 7629
17549659 58 64 7623
17549659 58 64 7613
17549679 58 64 7607
17549699 58 64 7580
17549719 58 64 7567
17549719 58 64 7568
17549749 58 64 7562
17549749 58 64 7563
17549769 58 64 7559
17549769 58 64 7531
17549789 58 64 7530
17549809 58 64 7510
17549839 58 64 7479
17549839 58 64 7467
17549859 58 64 7455
17549859 58 65 7448
17549879 58 65 7416
17549899 58 65 7400
17549919 58 65 7373
17549919 58 65 7354
17549949 61 65 7350
17549949 61 65 7343
17549969 61 65 7348
17549969 61 65 7331
17549989 61 65 7322
17550009 61 65 7305
17550039 61 65 7288
17550039 61 65 7276
17550059 61 65 7261
17550059 61 65 7254
17550089 61 66 7237
17550099 61 66 7201
17550129 61 66 7179
17550129 61 66 7161
17550159 61 66 7153
17550159 61 66 7150
17550179 61 66 7137
17550179 61 66 7130
17550199 61 66 7095
17550219 61 66 7069
17550249 61 66 7053
17550249 61 66 7045
17550269 61 66 7036
17550269 61 67 7028
17550289 61 67 7006
17550309 61 67 6992
17550329 61 67 6978
17550329 61 67 6979
17550359 61 67 6966
17550359 61 67 6966
17550379 61 67 6953
17550379 61 67 6948
17550399 61 67 6956
17550419 61 67 6939
17550449 61 67 6936
17550449 61 67 6929
17550469 64 67 6917
17550469 64 67 6916
17550489 64 67 6903
17550509 61 67 6896
17550529 61 67 6881
17550529 61 67 6881
17550559 64 67 6875
17550559 64 67 6873
17550579 64 67 6869
17550579 64 67 6873
17550599 64 67 6866
17550629 64 67 6845
17550649 64 67 6841
17550649 64 67 6836
17550669 64 67 6834
17550669 64 67 6835
17550699 64 67 6830
17550719 64 67 6827
17550739 64 67 6815
17550739 64 67 6823
17550769 64 67 6828
17550769 64 67 6817
17550789 64 67 6807
17550789 64 67 6801
17550809 64 68 6781
17550829 64 67 6784
17550859 64 68 6776
17550859 64 68 6768
17550879 64 68 6763
17550879 64 68 6769
17550899 64 68 6769
17550919 64 68 6758
17550939 64 68 6749
17550939 64 68 6738
17550969 64 68 6741
17550969 64 68 6744
17550989 64 68 6748
17550989 64 68 6746
17551009 64 68 6738
17551029 64 68 6753
17551059 64 67 6750
17551059 64 67 6757
17551079 64 68 6745
17551079 64 68 6734
17551099 64 68 6729
17551119 64 68 6726
17551139 64 68 6736
17551139 64 68 6741
17551169 64 68 6735
17551169 64 68 6731
17551189 64 68 6734
17551189 64 68 6728
17551219 64 68 6744
17551239 64 68 6735
17551269 64 68 6737
17551269 64 68 6742
17551289 64 68 6741
17551289 64 68 6746
17551309 64 68 6744
17551329 64 68 6734
17551349 64 68 6730
17551349 64 68 6732
17551379 64 68 6741
17551379 64 68 6731
17551399 64 68 6734
17551399 64 68 6726
17551419 64 68 6729
17551439 64 68 6726
17551469 64 68 6729
17551469 64 68 6736
17551489 64 68 6737
17551489 64 68 6733
17551509 64 68 6745
17551529 64 67 6734
17551549 64 67 6742
17551549 64 68 6740
17551579 64 68 6741
17551579 64 68 6739
17551599 64 68 6740
17551599 64 68 6726
17551619 64 68 6737
17551639 64 68 6741
17551669 64 68 6742
17551669 64 68 6739
17551689 64 68 6738
17551689 64 67 6747
17551719 64 67 6737
17551729 64 68 6744
17551759 64 68 6736
17551759 64 68 6745
17551789 64 68 6745
17551789 64 68 6735
17551809 64 68 6740
17551809 64 68 6737
17551829 64 68 6732
17551849 64 68 6728
17551879 64 68 6727
17551879 64 68 6734
17551899 64 68 6736
17551899 64 68 6735
17551919 64 68 6741
17551939 64 68 6741
17551959 64 68 6730
17551959 64 68 6742
17551989 64 68 6733
17551989 64 68 6735
17552009 64 68 6732
17552009 64 68 6736
17552029 64 68 6736
17552049 64 68 6734
17552079 64 68 6730
17552079 64 68 6731
17552099 64 68 6736
17552099 64 68 6740
17552119 64 68 6746
17552139 64 68 6743
17552159 64 68 6741
17552159 64 68 6736
17552189 64 68 6734
17552189 64 68 6731
17552209 64 68 6733
17552209 64 68 6732
17552229 64 68 6737
17552259 64 68 6735
17552279 64 68 6734
17552279 64 68 6734
17552299 64 68 6719
17552299 64 68 6725
17552329 64 68 6733
17552349 64 68 6741
17552369 64 68 6732
17552369 64 68 6739
17552399 64 68 6725
17552399 64 68 6728
17552419 64 68 6731
17552419 64 68 6727
17552439 64 68 6727
17552459 64 68 6730
17552489 64 68 6731
17552489 64 68 6729
17552509 64 68 6720
17552509 64 68 6729
17552529 64 68 6731
17552549 64 68 6756
17552569 64 68 6722
17552569 64 68 6711
17552599 64 68 6712
17552599 64 68 6720
17552619 64 68 6732
17552619 64 68 6722
17552639 64 68 6690
17552659 64 68 6670
17552689 64 68 6664
17552689 64 68 6650
17552709 64 68 6646
17552709 64 68 6639
17552729 64 68 6619
17552749 64 68 6613
17552769 64 68 6603
17552769 64 68 6591
17552799 64 68 6593
17552799 64 68 6576
17552819 64 68 6583
17552819 64 68 6584
17552839 64 69 6565
17552869 64 69 6552
17552899 64 69 6556
17552899 64 69 6553
17552919 64 69 6541
17552919 64 69 6540
17552939 64 69 6528
17552959 64 69 6517
17552979 64 69 6506
17552979 64 69 6499
17553009 64 69 6507
17553009 64 69 6493
17553029 64 69 6493
17553029 64 69 6493
17553049 64 69 6467
17553069 64 69 6457
17553099 64 70 6444
17553099 64 70 6435
17553119 53 70 6423
17553119 53 70 6413
17553139 53 70 6403
17553159 53 70 6382
17553179 53 70 6368
17553179 53 70 6366
17553209 53 70 6354
17553209 53 70 6343
17553229 66 70 6328
17553229 66 70 6328
17553249 66 70 6306
17553269 66 70 6298
17553299 66 70 6285
17553299 66 70 6282
17553319 66 70 6277
17553319 66 70 6267
17553339 66 70 6254
17553369 53 71 6246
17553379 53 71 6234
17553379 53 71 6228
17553419 66 71 6219
17553419 66 71 6217
17553439 66 71 6208
17553439 66 71 6208
17553459 66 71 6189
17553479 66 71 6180
17553509 66 71 6165
17553509 66 71 6159
17553529 66 71 6151
17553529 66 71 6147
17553549 66 71 6141
17553569 66 71 6126
17553589 66 71 6110
17553589 66 71 6107
17553619 66 71 6097
17553619 66 71 6092
17553639 56 71 6084
17553639 56 71 6079
17553659 56 71 6073
17553679 56 71 6051
17553709 56 71 6049
17553709 56 71 6039
17553729 69 72 6043
17553729 69 72 6038
17553749 69 72 6033
17553769 69 72 6029
17553789 69 72 6021
17553789 69 72 6013
17553819 69 72 6015
17553819 69 72 6010
17553839 69 72 6019
17553839 69 72 6013
17553859 69 72 6014
17553879 69 72 6007
17553909 56 72 6003
17553909 56 72 6003
17553929 56 72 5997
17553929 56 72 6005
17553959 56 72 5983
17553979 56 72 5992
17553979 56 72 5983
17553999 56 72 5979
17553999 56 72 5983
17554029 56 72 5989
17554029 56 72 5992
17554049 56 72 5990
17554049 56 72 5978
17554069 56 72 5979
17554089 56 72 5979
17554119 56 73 5982
17554119 56 72 5973
17554139 56 72 5981
17554139 56 72 5977
17554159 56 72 5963
17554179 56 72 5962
17554199 56 72 5960
17554199 56 72 5963
17554229 56 72 5953
17554229 56 72 5952
17554249 56 72 5952
17554249 56 72 5953
17554269 69 72 5952
17554289 69 72 5948
17554319 69 72 5943
17554319 69 72 5947
17554339 69 72 5946
17554339 69 72 5955
17554359 69 72 5952
17554379 56 72 5951
17554399 56 72 5947
17554399 56 72 5952
17554429 56 73 5952
17554429 56 72 5949
17554459 56 73 5950
17554459 56 73 5952
17554469 56 72 5949
17554499 56 73 5940
17554529 56 73 5941
17554529 56 73 5939
17554549 56 73 5940
17554549 56 73 5942
17554569 56 73 5943
17554589 56 73 5939
17554609 56 73 5945
17554609 56 73 5944
17554639 56 72 5940
17554639 56 72 5937
17554659 56 73 5940
17554659 56 73 5942
17554679 56 73 5945
17554699 56 72 5947
17554729 56 72 5945
17554729 56 72 5937
17554749 56 72 5940
17554749 56 72 5939
17554769 56 72 5937
17554789 56 73 5931
17554809 56 73 5940
17554809 56 72 5939
17554839 56 73 5939
17554839 56 73 5937
17554859 56 73 5947
17554859 56 72 5947
17554879 56 72 5945
17554899 56 72 5935
17554929 56 73 5946
17554929 56 73 5944
17554949 56 73 5948
17554949 56 72 5938
17554969 56 73 5946
17554989 56 73 5931
17555009 56 73 5946
17555009 56 73 5941
17555049 56 72 5937
17555049 56 73 5944
17555069 56 73 5945
17555069 56 73 5940
17555089 56 73 5939
17555109 56 72 5930
17555139 56 72 5943
17555139 56 73 5942
17555159 56 73 5945
17555159 56 73 5946
17555179 56 73 5937
17555219 56 72 5938
17555219 56 72 5935
17555249 56 73 5946
17555249 56 73 5934
17555269 56 73 5935
17555269 56 73 5936
17555289 56 73 5941
17555309 56 73 5943
17555339 56 73 5937
17555339 56 73 5942
17555359 56 73 5930
17555359 56 72 5946
17555379 56 72 5937
17555399 56 72 5940
17555419 56 73 5939
17555419 56 73 5951
17555449 56 73 5945
17555449 56 73 5936
17555469 56 73 5947
17555469 56 73 5945
17555489 56 73 5940
17555509 56 73 5944
17555539 56 73 5939
17555539 56 73 5942
17555559 56 72 5948
17555559 56 73 5946
17555589 56 72 5936
17555609 56 72 5934
17555629 56 73 5936
17555629 56 73 5938
17555659 56 73 5941
17555659 56 73 5937
17555679 56 72 5935
17555679 56 72 5927
17555699 56 72 5935
17555719 56 73 5932
17555749 56 73 5930
17555749 56 73 5925
17555769 56 73 5936
17555769 56 73 5929
17555789 56 73 5916
17555809 56 73 5921
17555829 56 73 5917
17555829 56 73 5911
17555859 56 73 5907
17555859 56 73 5905
17555879 56 73 5892
17555879 56 73 5892
17555899 56 73 5878
17555919 56 73 5860
17555949 56 73 5844
17555949 56 73 5842
17555969 56 73 5834
17555969 56 73 5829
17555989 56 73 5828
17556009 56 73 5815
17556029 56 73 5803
17556029 56 73 5790
17556059 56 73 5786
17556059 56 74 5785
17556079 56 73 5779
17556079 56 73 5784
17556099 56 74 5764
17556119 56 74 5757
17556159 56 74 5742
17556159 56 74 5732
17556179 69 74 5725
17556179 69 74 5719
17556199 69 74 5690
17556219 56 74 5675
17556239 56 74 5663
17556239 56 74 5657
17556269 56 74 5644
17556269 56 74 5633
17556289 56 74 5639
17556289 56 74 5624
17556309 56 74 5608
17556329 58 74 5604
17556359 58 75 5587
17556359 58 75 5591
17556379 56 75 5580
17556379 56 75 5572
17556399 56 75 5567
17556419 58 75 5563
17556439 58 75 5556
17556439 58 75 5546
17556469 56 75 5549
17556469 56 75 5542
17556489 56 75 5530
17556489 56 75 5527
17556509 58 75 5510
17556529 58 75 5519
17556559 58 75 5511
17556559 58 75 5512
17556579 58 75 5504
17556579 58 75 5503
17556599 58 75 5498
17556619 58 75 5488
17556639 58 75 5478
17556639 58 75 5483
17556669 58 75 5471
17556669 58 75 5468
17556699 58 75 5456
17556699 58 75 5460
17556719 58 76 5455
17556739 58 76 5457
17556769 58 76 5446
17556789 58 76 5444
17556789 58 76 5445
17556809 58 76 5442
17556829 58 76 5432
17556849 58 76 5423
17556849 58 76 5417
17556879 58 76 5412
17556879 58 76 5411
17556899 58 76 5404
17556899 58 76 5398
17556919 58 76 5405
17556939 58 76 5386
17556969 58 76 5393
17556969 58 76 5385
17556989 58 76 5394
17556989 58 76 5384
17557009 58 76 5370
17557029 58 76 5370
17557049 58 76 5370
17557049 58 76 5368
17557079 58 77 5365
17557079 58 76 5371
17557099 58 77 5375
17557099 58 77 5365
17557119 58 77 5340
17557139 58 77 5329
17557169 58 77 5310
17557169 58 77 5295
17557189 58 77 5297
17557189 58 77 5288
17557209 58 77 5285
17557239 58 77 5269
17557259 58 77 5266
17557259 58 77 5261
17557289 61 77 5255
17557289 61 77 5252
17557309 61 77 5250
17557309 61 77 5244
17557329 58 77 5227
17557349 58 78 5222
17557379 58 78 5225
17557379 58 78 5224
17557399 58 78 5211
17557399 58 78 5212
17557419 58 78 5215
17557439 58 78 5204
17557459 58 78 5199
17557459 58 78 5194
17557489 58 78 5187
17557489 58 78 5186
17557509 58 78 5188
17557509 58 78 5191
17557509 58 78 0
17557529 61 78 5186
17557549 61 78 5178
17557579 61 78 5179
17557579 61 78 5177
17557599 61 78 5175
17557599 61 78 5174
17557619 61 78 5176
17557639 61 78 5182
17557659 61 78 5185
17557659 61 78 5183
17557689 61 78 5192
17557689 61 78 5184
17557709 61 78 5186
17557709 61 78 5177
17557709 61 78 0
17557729 61 78 5193
17557749 61 78 5184
17557789 61 78 5191
17557789 61 78 5189
17557809 61 78 5190
17557809 61 78 5189
17557829 61 78 5180
17557849 61 78 5177
17557869 61 78 5185
17557869 61 78 5191
17557899 61 78 5187
17557899 61 78 5189
17557919 61 78 5185
17557919 61 78 5184
17557919 61 78 0
17557939 61 78 5195
17557959 61 78 5194
17557989 61 78 5187
17557989 61 78 5181
17558009 61 78 5181
17558009 61 78 5179
17558029 61 78 5187
17558049 61 78 5185
17558069 74 78 5182
17558069 74 78 5182
17558099 74 78 5176
17558099 74 78 5184
17558119 61 78 5181
17558119 61 78 5182
17558119 61 78 0
17558139 61 78 5180
17558159 61 78 5164
17558189 61 78 5151
17558189 61 78 5158
17558209 61 78 5160
17558209 61 78 5166
17558229 61 78 5151
17558249 61 78 5164
17558269 61 78 5154
17558269 61 78 5160
17558299 61 78 5166
17558299 61 78 5161
17558329 61 78 5165
17558329 61 78 5162
17558329 61 78 0
17558349 61 78 5161
17558369 61 78 5166
17558399 61 78 5162
17558399 61 78 5163
17558419 61 78 5165
17558419 61 78 5158
17558439 61 78 5157
17558459 61 78 5157
17558479 61 78 5157
17558479 61 78 5158
17558509 61 78 5158
17558509 61 78 5160
17558529 61 78 5159
17558529 61 78 5157
17558529 61 78 0
17558549 61 78 5158
17558569 61 78 5158
17558599 61 78 5163
17558599 61 78 5159
17558619 61 78 5157
17558619 61 78 5154
17558639 61 78 5163
17558659 61 78 5158
17558679 61 78 5159
17558679 61 78 5160
17558709 61 78 5172
17558709 61 78 5166
17558729 61 78 5166
17558729 61 78 5164
17558729 61 78 0
17558749 61 78 5159
17558769 61 78 5171
17558799 61 78 5164
17558799 61 78 5159
17558819 61 78 5167
17558819 61 78 5159
17558839 61 78 5164
17558869 61 78 5171
17558889 61 78 5158
17558889 61 78 5163
17558919 61 78 5159
17558919 61 78 5149
17558939 61 78 5165
17558939 61 78 5157
17558939 61 78 0
17558959 61 78 5159
17558979 61 78 5158
17559009 61 78 5166
17559009 61 78 5171
17559029 61 78 5169
17559029 61 78 5170
17559049 61 78 5159
17559069 61 78 5160
17559089 61 78 5158
17559089 61 78 5159
17559119 61 78 5156
17559119 61 78 5161
17559139 61 78 5155
17559139 61 78 5160
17559139 61 78 0
17559159 61 78 5170
17559179 61 78 5166
17559209 61 78 5164
17559209 61 78 5171
17559229 61 78 5168
17559229 61 78 5162
17559249 61 78 5154
17559269 61 78 5162
17559289 61 78 5157
17559289 61 78 5156
17559319 61 78 5154
17559319 61 78 5158
17559339 61 78 5155
17559339 61 78 5158
17559339 61 78 0
17559359 61 78 5161
17559379 61 78 5162
17559419 61 78 5166
17559419 61 78 5167
17559439 61 78 5166
17559439 61 78 5166
17559459 61 78 5165
17559479 61 78 5163
17559499 61 78 5168
17559499 61 78 5161
17559529 61 78 5171
17559529 61 78 5170
17559549 61 78 5171
17559549 61 78 5161
17559549 61 78 0
17559569 61 78 5165
17559589 61 78 5165
17559619 61 78 5162
17559619 61 78 5172
17559639 61 78 5170
17559639 61 78 5157
17559659 61 78 5167
17559679 61 78 5166
17559699 61 78 5164
17559699 61 78 5172
17559729 61 78 5173
17559729 61 78 5165
17559749 61 78 5168
17559749 61 78 5166
17559749 61 78 0
17559769 61 78 5163
17559789 61 78 5155
17559819 74 78 5162
17559819 74 78 5169
17559839 74 78 5162
17559839 74 78 5155
17559859 74 78 5167
17559879 74 78 5163
17559899 74 78 5154
17559899 74 78 5161
17559929 61 78 5155
17559929 61 78 5150
17559949 61 78 5157
17559949 61 78 5156
17559949 61 78 0
17559979 74 78 5169
17559999 74 78 5162
17560029 74 78 5161
17560029 74 78 5159
17560049 74 78 5157
17560049 74 78 5166
17560069 61 78 5159
17560089 61 78 5165
17560109 61 78 5162
17560109 61 78 5163
17560139 61 78 5166
17560139 61 78 5163
17560159 61 78 5159
17560159 61 78 5160
17560159 61 78 0
17560179 61 78 5161
17560199 61 78 5160
17560229 61 78 5158
17560229 61 78 5166
17560249 61 78 5164
17560249 61 78 5165
17560269 61 78 5158
17560289 61 78 5176
17560309 61 78 5162
17560309 61 78 5169
17560339 58 78 5163
17560339 58 78 5173
17560359 58 78 5167
17560359 58 78 5169
17560359 58 78 0
17560379 61 78 5167
17560399 61 78 5160
17560429 61 78 5160
17560429 61 78 5165
17560449 61 78 5160
17560449 61 78 5164
17560469 61 78 5157
17560489 61 78 5160
17560519 61 78 5165
17560519 61 78 5166
17560549 61 78 5162
17560549 61 78 5161
17560569 61 78 5167
17560569 61 78 5155
17560569 61 78 0
17560589 61 78 5166
17560609 61 78 5162
17560639 61 78 5162
17560639 61 78 5160
17560659 61 78 5164
17560659 61 78 5165
17560679 61 78 5166
17560699 61 78 5158
17560719 61 78 5168
17560719 61 78 5170
17560749 61 78 5158
17560749 61 78 5157
17560769 61 78 5162
17560769 61 78 5157
17560769 61 78 0
17560789 61 78 5156
17560809 61 78 5160
17560839 61 78 5153
17560839 61 78 5157
17560859 61 78 5160
17560859 61 78 5160
17560879 61 78 5158
17560899 61 78 5158
17560919 61 78 5161
17560919 61 78 5163
17560949 61 78 5160
17560949 61 78 5156
17560969 61 78 5162
17560969 61 78 5154
17560969 61 78 0
17560989 61 78 5160
17561009 61 78 5158
17561039 61 78 5151
17561039 61 78 5158
17561059 61 78 5152
17561059 61 78 5161
17561089 58 78 5149
17561109 58 78 5155
17561129 61 78 5154
17561129 61 78 5160
17561159 61 78 5152
17561159 61 78 5152
17561179 61 78 5148
17561179 61 78 5152
17561179 61 78 0
17561199 61 78 5162
17561219 61 78 5156
17561249 61 78 5156
17561249 61 78 5161
17561269 61 78 5160
17561269 61 78 5163
17561289 61 78 5164
17561309 61 78 5148
17561329 61 78 5155
17561329 61 78 5157
17561359 61 78 5156
17561359 61 78 5156
17561379 61 78 5155
17561379 61 78 5155
17561379 61 78 0
17561399 61 78 5152
17561419 61 78 5149
17561449 61 78 5160
17561449 61 78 5157
17561469 61 78 5157
17561469 61 78 5155
17561489 61 78 5162
17561509 61 78 5155
17561529 61 78 5157
17561529 61 78 5155
17561559 61 78 5155
17561559 61 78 5155
17561579 61 78 5158
17561579 61 78 5158
17561579 61 78 0
17561599 61 78 5154
17561619 61 78 5155
17561659 61 78 5150
17561659 61 78 5147
17561679 61 78 5149
17561679 61 78 5145
17561699 61 78 5142
17561719 61 78 5143
17561739 61 78 5154
17561739 61 78 5156
17561769 61 78 5150
17561769 61 78 5160
17561789 61 78 5154
17561789 61 78 5150
17561789 61 78 0
17561809 61 78 5152
17561829 61 78 5153
17561859 61 78 5153
17561859 61 78 5149
17561879 61 78 5144
17561879 61 78 5150
17561899 61 78 5156
17561919 61 78 5157
17561939 61 78 5151
17561939 61 78 5156
17561969 61 78 5153
17561969 61 78 5154
17561989 61 78 5153
17561989 61 78 5148
17561989 61 78 0
17562009 61 78 5152
17562029 58 78 5166
17562059 58 78 5159
17562059 58 78 5155
17562079 61 78 5150
17562079 61 78 5162
17562099 61 78 5156
17562119 61 78 5151
17562139 61 78 5153
17562139 61 78 5148
17562169 61 78 5156
17562169 61 78 5158
17562189 61 78 5154
17562189 61 78 5152
17562189 61 78 0
17562219 61 78 5158
17562239 61 78 5149
17562269 61 78 5146
17562269 61 78 5164
17562289 61 78 5152
17562289 61 78 5152
17562309 61 78 5151
17562329 61 78 5155
17562349 61 78 5147
17562349 61 78 5155
17562379 61 78 5157
17562379 61 78 5148
17562399 61 78 5154
17562399 61 78 5147
17562399 61 78 0
17562419 61 78 5153
17562439 61 78 5150
17562469 61 78 5158
17562469 61 78 5160
17562489 74 78 5162
17562489 74 78 5170
17562509 74 78 5167
17562529 74 78 5163
17562549 74 78 5155
17562549 74 78 5153
17562579 61 78 5143
17562579 61 78 5146
17562599 61 78 5157
17562599 61 78 5156
17562599 61 78 0
17562619 61 78 5157
17562639 61 78 5153
17562669 61 78 5155
17562669 61 78 5164
17562689 61 78 5156
17562689 61 78 5160
17562709 61 78 5157
17562729 61 78 5160
17562759 61 78 5156
17562759 61 78 5157
17562789 74 78 5159
17562789 74 78 5162
17562809 74 78 5151
17562809 74 78 5148
17562809 74 78 0
17562829 74 78 5151
17562849 74 78 5158
17562879 74 78 5160
17562879 74 78 5159
17562899 61 78 5158
17562899 61 78 5160
17562919 61 78 5161
17562939 61 78 5161
17562959 61 78 5151
17562959 61 78 5158
17562989 61 78 5165
17562989 61 78 5157
17563009 61 78 5164
17563009 61 78 5158
17563009 61 78 0
17563029 61 78 5162
17563049 61 78 5159
17563079 61 78 5162
17563079 61 78 5165
17563099 61 78 5161
17563099 61 78 5163
17563119 61 78 5153
17563139 61 78 5166
17563159 61 78 5156
17563159 61 78 5159
17563189 61 78 5149
17563189 61 78 5148
17563209 61 78 5155
17563209 61 78 5165
17563209 61 78 0
17563229 61 78 5165
17563259 61 78 5149
17563279 61 78 5154
17563279 61 78 5152
17563309 61 78 5154
17563309 61 78 5150
17563329 61 78 5155
17563349 61 78 5151
17563369 61 78 5163
17563369 61 78 5152
17563399 61 78 5159
17563399 61 78 5157
17563419 61 78 5155
17563419 61 78 5157
17563419 61 78 0
17563439 61 78 5151
17563459 61 78 5150
17563489 61 78 5153
17563489 61 78 5156
17563509 61 78 5154
17563509 61 78 5155
17563529 61 78 5157
17563549 61 78 5158
17563569 61 78 5159
17563569 61 78 5147
17563599 61 78 5157
17563599 61 78 5153
17563619 61 78 5153
17563619 61 78 5153
17563619 61 78 0
17563639 61 78 5155
17563659 61 78 5148
17563689 61 78 5163
17563689 61 78 5158
17563709 61 78 5152
17563709 61 78 5155
17563729 58 78 5157
17563749 58 78 5159
17563769 61 78 5160
17563769 61 78 5164
17563799 61 78 5157
17563799 61 78 5159
17563819 61 78 5158
17563819 61 78 5149
17563819 61 78 0
17563849 61 78 5151
17563869 61 78 5155
17563899 61 78 5151
17563899 61 78 5152
17563919 61 78 5146
17563919 61 78 5150
17563939 61 78 5156
17563959 61 78 5163
17563979 61 78 5154
17563979 61 78 5153
17564009 61 78 5153
17564009 61 78 5158
17564029 61 78 5157
17564029 61 78 5147
17564029 61 78 0
17564049 61 78 5156
17564069 61 78 5153
17564099 61 78 5148
17564099 61 78 5157
17564119 61 78 5159
17564119 61 78 5154
17564139 61 78 5151
17564159 61 78 5153
17564179 61 78 5151
17564179 61 78 5147
17564209 61 78 5147
17564209 61 78 5150
17564229 61 78 5152
17564229 61 78 5149
17564229 61 78 0
17564249 61 78 5158
17564269 61 78 5157
17564299 61 78 5157
17564299 61 78 5160
17564319 61 78 5160
17564319 61 78 5166
17564339 61 78 5155
17564359 61 78 5152
17564389 58 78 5153
17564389 58 78 5159
17564409 58 78 5154
17564409 58 78 5155
17564439 61 78 5155
17564439 61 78 5161
17564439 61 78 0
17564459 61 78 5155
17564479 61 78 5152
17564509 61 78 5161
17564509 61 78 5155
17564529 61 78 5151
17564529 61 78 5149
17564549 61 78 5158
17564569 61 78 5148
17564589 61 78 5156
17564589 61 78 5150
17564619 61 78 5151
17564619 61 78 5151
17564639 61 78 5152
17564639 61 78 5148
17564639 61 78 0
17564659 61 78 5150
17564679 61 78 5151
17564709 61 78 5157
17564709 61 78 5148
17564729 61 78 5155
17564729 61 78 5153
17564749 61 78 5152
17564769 61 78 5155
17564789 61 78 5148
17564789 61 78 5150
17564819 61 78 5146
17564819 61 78 5147
17564839 61 78 5152
17564839 61 78 5158
17564839 61 78 0
17564859 61 78 5150
17564879 74 78 5157
17564909 74 78 5154
17564909 74 78 5161
17564939 61 78 5149
17564939 61 78 5146
17564959 61 78 5155
17564979 61 78 5153
17564999 61 78 5149
17564999 61 78 5157
17565029 61 78 5149
17565029 61 78 5154
17565049 61 78 5151
17565049 61 78 5154
17565049 61 78 0
17565069 61 78 5152
17565089 61 78 5151
17565119 61 78 5156
17565119 61 78 5152
17565139 58 78 5152
17565139 58 78 5151
17565159 58 78 5148
17565179 58 78 5148
17565199 61 78 5152
17565199 61 78 5155
17565229 61 78 5155
17565229 61 78 5153
17565249 61 78 5151
17565249 61 78 5153
17565249 61 78 0
17565269 61 78 5155
17565289 61 78 5153
17565319 61 78 5153
17565319 61 78 5156
17565339 61 78 5148
17565339 61 78 5154
17565359 61 78 5144
17565379 58 78 5140
17565399 58 78 5149
17565399 58 78 5146
17565429 58 78 5149
17565429 58 78 5152
17565449 61 78 5148
17565449 61 78 5155
17565449 61 78 0
17565479 61 78 5149
17565499 61 78 5151
17565519 61 78 5150
17565519 61 78 5143
17565549 61 78 5142
17565549 61 78 5147
17565569 61 78 5149
17565589 58 78 5146
17565609 58 78 5140
17565609 58 78 5147
17565639 61 78 5149
17565639 61 78 5156
17565659 61 78 5155
17565659 61 78 5156
17565659 61 78 0
17565679 61 78 5145
17565699 58 78 5147
17565729 58 78 5147
17565729 58 78 5149
17565749 58 78 5148
17565749 58 78 5142
17565769 58 78 5149
17565789 61 78 5151
17565809 61 78 5151
17565809 61 78 5149
17565839 61 78 5145
17565839 61 78 5149
17565859 61 78 5161
17565859 61 78 5152
17565859 61 78 0
17565879 61 78 5153
17565899 61 78 5154
17565929 61 78 5159
17565929 61 78 5158
17565949 61 78 5147
17565949 61 78 5155
17565979 61 78 5147
17565999 61 78 5146
17566019 61 78 5145
17566019 61 78 5154
17566049 58 78 5149
17566049 58 78 5149
17566069 58 78 5144
17566069 58 78 5149
17566069 58 78 0
17566089 61 78 5146
17566109 61 78 5150
17566139 61 78 5148
17566139 61 78 5151
17566159 61 78 5153
17566159 61 78 5149
17566179 61 78 5146
17566199 61 78 5142
17566219 61 78 5145
17566219 61 78 5149
17566249 61 78 5143
17566249 61 78 5151
17566269 61 78 5152
17566269 61 78 5160
17566269 61 78 0
17566289 61 78 5158
17566309 61 78 5163
17566339 61 78 5150
17566339 61 78 5155
17566359 61 78 5156
17566359 61 78 5165
17566379 61 78 5164
17566399 61 78 5163
17566419 61 78 5157
17566419 61 78 5152
17566449 61 78 5157
17566449 61 78 5151
17566469 61 78 5151
17566469 61 78 5159
17566469 61 78 0
17566489 61 78 5153
17566509 61 78 5156
17566549 61 78 5156
17566549 61 78 5156
17566569 61 78 5153
17566569 61 78 5146
17566589 61 78 5143
17566609 61 78 5153
17566629 61 78 5149
17566629 61 78 5149
17566659 61 78 5156
17566659 61 78 5140
17566679 61 78 5146
17566679 61 78 5148
17566679 61 78 0
17566699 61 78 5148
17566719 61 78 5156
17566749 61 78 5148
17566749 61 78 5149
