45363.5696378;203.4313500;198.1388100;273.9643200;96.3739889
45363.5696783;2589.4498000;2465.0114000;215.6568000;18.9673261
45363.5697367;2533.2922000;2459.2282000;215.9088900;19.0342314
45363.5697940;2514.9290000;2454.7571000;216.2970000;19.3430668
45363.5698525;2500.8162000;2447.3665000;216.3289700;19.5619887
45363.5699098;2488.7857000;2437.7813000;216.5639000;19.8062192
45363.5699682;2472.3332000;2430.8905000;216.6381300;20.1411037
45363.5700255;2457.5402000;2415.9961000;216.7181600;20.3308661
45363.5700840;2441.7971000;2398.1291000;216.8312200;20.4404512
45363.5701413;2427.0582000;2375.8795000;217.0682900;20.5288743
45363.5701997;2410.2577000;2354.0901000;217.2457200;20.6882385
45363.5702570;2391.2208000;2334.1741000;217.3937600;20.8618746
45363.5703155;2373.1715000;2318.5697000;217.5390100;21.1609587
45363.5703728;2358.9878000;2302.8714000;217.7827300;21.3355236
45363.5704312;2344.7417000;2292.2637000;217.8675800;21.4988668
45363.5704885;2330.8174000;2278.3594000;217.8992300;21.7562469
45363.5705469;2317.2587000;2266.6302000;217.9792500;22.0194485
45363.5706042;2302.1281000;2252.9834000;218.2251200;22.2544168
45363.5706627;2287.0538000;2235.1478000;218.3491300;22.4776004
45363.5707200;2272.1941000;2213.9002000;218.5658200;22.6541996
45363.5707784;2254.4739000;2201.1546000;218.7305900;22.9460766
45363.5708357;2234.7890000;2183.4795000;218.9363400;23.0914550
45363.5708942;2208.0176000;2162.7965000;219.0223700;23.2881919
45363.5709515;2185.6979000;2146.3604000;219.2088100;23.4695829
45363.5710099;2168.9121000;2127.9743000;219.3785200;23.6537382
45363.5710672;2153.5909000;2112.3515000;219.5816900;24.0522914
45363.5711257;2139.0562000;2099.5784000;219.8028900;24.3825171
45363.5711830;2123.2934000;2084.7572000;220.0818000;24.6705223
45363.5712414;2103.0762000;2066.5650000;220.2410300;25.0292741
45363.5712987;2083.1153000;2050.6147000;220.3163400;25.2365980
45363.5713572;2062.2044000;2033.2187000;220.5585600;25.3684518
45363.5714145;2043.3248000;2013.9481000;220.7190400;25.6023820
45363.5714729;2027.0994000;1993.8877000;221.0794700;25.9027218
45363.5715302;2000.5300000;1973.9369000;221.1987600;26.0623168
45363.5715886;1978.5855000;1956.5473000;221.3410000;26.2123955
45363.5716459;1957.1162000;1938.5620000;221.6085400;26.4198183
45363.5717044;1938.8971000;1918.9433000;221.7205400;26.6750932
45363.5717617;1920.9248000;1898.8162000;221.9966600;26.9916736
45363.5718202;1896.1607000;1878.3592000;222.1378300;27.3190495
45363.5718775;1879.9081000;1864.0983000;222.4549200;27.6879224
45363.5719359;1868.8152000;1843.7945000;222.7177400;27.9543530
45363.5719932;1852.1179000;1826.0612000;222.8434700;28.2044380
45363.5720516;1828.3653000;1808.1416000;223.0599400;28.5194412
45363.5721089;1809.5128000;1790.3275000;223.3392800;28.7871576
45363.5721674;1795.1801000;1774.1324000;223.4613600;28.9959692
45363.5722247;1778.2732000;1755.6310000;223.4986900;29.1893288
45363.5722831;1760.9488000;1733.9234000;223.8202900;29.4062321
45363.5723404;1743.3922000;1720.6903000;224.1451100;29.6794981
45363.5723989;1722.0375000;1707.5164000;224.2206300;30.0048541
45363.5724562;1703.9038000;1692.3785000;224.3785400;30.2007754
45363.5725146;1687.8524000;1678.4031000;224.6104600;30.5793657
45363.5725719;1670.3612000;1663.7779000;224.9496600;30.9216446
45363.5726304;1655.1203000;1646.7169000;225.0895400;31.1312895
45363.5726877;1640.9585000;1627.3385000;225.3244700;31.2775944
45363.5727461;1624.3112000;1614.1312000;225.5044700;31.4706938
45363.5728034;1602.1878000;1601.0188000;225.6653800;31.7375703
45363.5728619;1588.1427000;1584.6398000;225.7211600;32.0811732
45363.5729192;1572.0515000;1571.8242000;225.9387100;32.4058331
45363.5729776;1560.4908000;1553.7753000;226.2453000;32.7204538
45363.5730349;1543.9321000;1538.1774000;226.5179800;32.9813519
45363.5730934;1526.0515000;1523.9261000;226.7479800;33.2810502
45363.5731506;1511.1303000;1511.0518000;226.9202600;33.4992265
45363.5732091;1497.4300000;1497.8218000;226.9985700;33.8033665
45363.5732664;1483.3745000;1485.2351000;227.2124700;34.0393654
45363.5733248;1469.2314000;1471.2155000;227.4611300;34.2266827
45363.5733821;1454.4737000;1453.3658000;227.6861800;34.4276642
45363.5734406;1437.3848000;1437.1301000;227.9116700;34.6254078
45363.5734979;1423.1469000;1421.5731000;228.1021900;34.9785030
45363.5735563;1409.7914000;1406.7950000;228.3510600;35.2487059
45363.5736136;1397.8120000;1391.7422000;228.5735400;35.4909844
45363.5736721;1384.5304000;1380.2609000;228.8074000;35.9059371
45363.5737294;1370.3468000;1369.9667000;228.9612300;36.1846545
45363.5737878;1357.0567000;1359.2802000;229.0773000;36.4670527
45363.5738451;1345.1418000;1345.1582000;229.2450700;36.6980758
45363.5739036;1333.0916000;1333.6952000;229.5647400;36.8858030
45363.5739609;1320.8965000;1324.1789000;229.6132300;37.0082964
45363.5740193;1307.3170000;1313.8643000;229.8412900;37.2352826
45363.5740766;1297.1022000;1303.7878000;229.8861300;37.3900818
45363.5741351;1285.9238000;1292.0533000;230.0850100;37.5601555
45363.5741923;1274.9892000;1277.9959000;230.1903600;37.7136943
45363.5742508;1265.2421000;1265.2972000;230.5572300;37.9798038
45363.5743081;1252.2373000;1254.9747000;230.8138500;38.3558280
45363.5743666;1240.8298000;1247.7672000;230.9477200;38.7252409
45363.5744238;1230.6712000;1237.7274000;231.0582100;39.0282755
45363.5744823;1233.6004000;1248.1669000;231.4396700;38.7639945
45363.5745396;1204.5123000;1217.0960000;231.4343100;39.2791940
45363.5745980;1190.6411000;1195.6847000;229.4482400;39.5185844
45363.5746553;1182.6388000;1182.7812000;229.6711600;39.6271842
45363.5747138;1176.3981000;1169.9489000;229.9294700;39.7513641
45363.5747711;1169.4260000;1157.5571000;230.2442100;39.9982102
45363.5748295;1162.3780000;1146.2276000;230.3785100;40.3368584
45363.5748868;1153.7351000;1137.0130000;230.7321000;40.6280392
45363.5749453;1143.3451000;1130.3129000;230.9659600;40.8445882
45363.5750025;1130.5646000;1118.9576000;231.1330900;41.1127711
45363.5750610;1122.7374000;1109.7958000;231.3371200;41.3912109
45363.5751183;1111.7830000;1099.1946000;231.4802200;41.6873426
45363.5751768;1103.8317000;1089.3778000;231.6894000;41.9359734
45363.5752341;1098.0858000;1078.0806000;231.8295000;42.1359990
45363.5752925;1088.8574000;1069.9003000;231.8518200;42.3191412
45363.5753498;1081.2593000;1061.9559000;231.9271200;42.6493466
45363.5754083;1071.5227000;1055.5273000;232.0783800;43.1971689
45363.5754655;1060.8964000;1046.7477000;232.2736100;43.5266987
45363.5755240;1054.6566000;1037.3748000;232.4793600;43.7397284
45363.5755813;1045.4614000;1028.0933000;232.9535100;43.9805774
45363.5756397;1039.9311000;1019.3431000;233.1142000;44.1290238
45363.5756970;1034.6945000;1006.4213000;232.9367700;44.2775911
45363.5757555;1025.3349000;997.2658800;233.1412300;44.3839923
45363.5758128;1016.1847000;990.8515700;233.2570900;44.4258150
45363.5758713;1004.2636000;985.2052100;233.3841000;44.6055693
45363.5759286;960.6190700;982.7603900;233.6286800;44.8504933
45363.5759870;955.5246400;976.4810700;233.7346700;45.0270748
45363.5760443;948.6534200;963.9331000;233.9633700;45.1059642
45363.5761027;944.8079000;957.9684700;234.0730000;45.3094312
45363.5761600;939.0344700;951.0193600;234.3969700;45.7670600
45363.5762185;934.7575000;940.3141500;234.4864300;45.9778501
45363.5762758;929.9258800;935.5934600;234.4641200;46.1768151
45363.5763342;925.4452700;931.1124500;234.8091100;46.2796474
45363.5763915;918.7276700;925.9610000;234.9588600;46.5182421
45363.5764500;914.9207100;915.8093500;235.1860700;46.7301741
45363.5765073;910.1542100;907.7385300;235.3508400;46.9890480
45363.5765657;899.6063100;902.7968600;235.5205400;47.3393985
45363.5766230;890.9137400;896.2592500;235.7144900;47.7587607
45363.5766815;887.7272700;891.2643300;235.8766900;47.9593764
45363.5767387;883.8207800;887.0494700;235.9929700;48.0589686
45363.5767972;877.2714800;878.2457900;236.1356400;48.2421159
45363.5768545;870.3352600;865.5818100;236.4675400;48.3729448
45363.5769129;863.0707500;855.7786500;236.5883300;48.5653256
45363.5769702;858.0657200;848.5467400;236.6044200;48.7694568
45363.5770287;854.5570200;841.6367800;236.7619000;49.0195269
45363.5770860;850.2622200;835.2425100;236.8288400;49.3152077
45363.5771444;845.1647300;828.8935200;236.9017800;49.5532682
45363.5772017;840.4830900;822.0466300;237.1422900;49.9562197
45363.5772602;831.2926900;817.2485500;237.2495600;50.1549337
45363.5773175;826.2187700;812.8594500;237.2572900;50.2268299
45363.5773759;822.2972700;807.2963600;237.3310900;50.3187335
45363.5774332;815.8304100;800.5523600;237.4209800;50.5453248
45363.5774917;806.8644900;794.9365800;237.6863800;50.7423722
45363.5775490;796.7963700;790.4289100;237.7743400;50.7594010
45363.5776074;788.9237800;786.4718700;237.8378500;50.8261683
45363.5776647;785.1536900;784.8709900;237.7342200;50.9394980
45363.5777232;779.6229100;782.0037900;237.9240900;51.1373720
45363.5777805;774.4111000;776.6103600;238.1783300;51.3973544
45363.5778389;769.7292600;769.4425200;238.4042500;51.7956982
45363.5778962;764.3848800;764.2476100;238.4158300;52.1323241
45363.5779546;758.6724500;760.4476900;238.7104000;52.7039181
45363.5780119;754.7480300;757.6145300;238.7546000;53.0362844
45363.5780704;752.0150000;753.4995700;238.6175000;53.2159550
45363.5781277;748.8329100;748.0603700;238.8916900;53.2002503
45363.5781862;744.7247600;742.2003500;239.1564400;53.3189004
45363.5782434;739.5962100;735.5758800;239.3001900;53.3965353
45363.5783019;733.7142000;730.6016300;239.5771600;53.5005612
45363.5783592;730.6752000;724.1528200;239.6331600;53.6895228
45363.5784177;724.0824700;718.1185700;239.8633700;53.9751032
45363.5784749;719.7953800;710.8265700;239.9335200;54.1655144
45363.5785334;716.6334000;703.0139400;240.0886400;54.2868438
45363.5785907;711.6896200;697.1463900;240.1321900;54.4146712
45363.5786491;706.5347500;693.8785800;240.2259500;54.6011368
45363.5787064;702.7336200;689.7198000;240.3212100;54.7818528
45363.5787637;700.6952600;685.0251800;240.5557100;54.9567608
45363.5788222;694.6809200;679.9570200;240.6756400;55.2193037
45363.5788795;690.2586600;676.2149400;240.7869900;55.4684994
45363.5789379;686.4862000;671.0763600;240.8352600;55.6946712
45363.5789953;681.1433900;667.5494400;241.0753300;55.8137084
45363.5790537;676.3017800;664.1907400;241.1356200;56.0321578
45363.5791110;670.2127000;660.7262900;241.1937700;56.2998034
45363.5791695;665.9001900;656.1679400;241.2540600;56.4603073
45363.5792268;662.1272000;652.2020800;241.4510100;56.5488116
45363.5792852;657.1773900;649.9085100;241.7468700;56.7778877
45363.5793425;651.1585700;647.9655300;241.7530900;57.0527776
45363.5794009;645.6107800;646.4063600;241.8080200;57.2781476
45363.5794582;641.5153500;643.8049500;241.9940300;57.6178329
45363.5795167;637.1775900;641.4760000;242.1086000;57.7926889
45363.5795740;633.6318900;637.0078000;242.1639500;58.0298444
45363.5796324;627.7183000;630.8901400;242.5945400;58.4158998
45363.5796897;623.5468000;624.8256200;242.4962800;58.6548262
45363.5797482;621.4560400;620.2352400;242.7567400;58.7543818
45363.5798055;618.0137100;617.7148900;242.9755700;58.9983177
45363.5798640;612.7598300;613.4710700;243.3814900;59.1936408
45363.5799213;608.4447200;608.5985400;243.3439500;59.3934674
45363.5799797;605.5437700;602.3409300;243.5093600;59.5239244
45363.5800370;602.1645000;594.6961500;243.9268700;59.6895388
45363.5800955;597.7603900;588.1205800;243.8099400;59.8760685
45363.5801528;594.7461600;583.3294200;243.9285800;60.0534147
45363.5802112;591.4460900;578.4438600;244.0697500;60.2454008
45363.5802685;587.7678400;574.6219200;244.2737900;60.4491276
45363.5803270;583.8504900;571.0775600;244.3767700;60.6151453
45363.5803843;580.3322000;566.1386500;244.3377200;60.8524131
45363.5804427;575.4073000;562.4057100;244.4868300;61.1705775
45363.5805000;572.0794100;559.2258900;244.5413300;61.3466346
45363.5805585;568.4185600;556.2579000;244.6936500;61.6823665
45363.5806158;564.4153300;553.0816900;244.9270800;61.9330975
45363.5806742;559.3450700;547.8248100;245.0309200;62.2591842
45363.5807315;553.5816700;545.3443400;245.3641100;62.9755908
45363.5807900;546.8015600;543.3415200;245.5200800;63.3081883
45363.5808473;541.7234400;539.4188300;245.8693600;63.9033315
45363.5809057;536.7958600;536.3840700;245.7917000;64.2360090
45363.5809630;532.9555300;534.1257300;245.9985200;64.1476279
45363.5810215;529.8198100;532.6199800;246.1532000;64.3277181
45363.5810787;526.0103400;530.2798300;245.9285800;64.2395094
45363.5811372;522.6898400;526.7509700;246.1946100;64.3271966
45363.5811945;519.2648200;522.2253900;246.5775700;64.4317007
45363.5812529;514.9759700;513.0402900;246.9077600;64.5446852
45363.5813102;511.6935900;505.2609300;246.9367200;64.6838663
45363.5813687;508.6128000;498.5185000;247.3671000;64.8520205
45363.5814260;504.7630000;492.8834000;247.5704900;65.0739217
45363.5814844;501.8046400;488.3388600;247.4735200;65.3483904
45363.5815417;498.1021000;485.3038800;247.7970500;65.5691883
45363.5816002;493.5922100;481.9798300;247.8863000;65.8416548
45363.5816575;491.5924100;477.8877500;248.0695200;66.0966787
45363.5817159;488.7937200;474.5669500;247.9849900;66.3049785
45363.5817733;485.0263600;473.1379900;248.0367000;66.5528763
45363.5818317;481.3576600;470.3082300;248.3771800;66.8384099
45363.5818890;477.6416800;466.8023100;248.4681500;67.0020823
45363.5819475;474.5333700;463.8853600;248.4625700;67.2515328
45363.5820048;470.9934900;461.1032900;248.7565000;67.5736668
45363.5820632;466.2312900;458.4887500;248.8813600;67.6347532
45363.5821205;461.5440300;457.1033900;248.7706600;67.6970725
45363.5821790;458.5081100;455.1865800;248.9071100;67.8798903
45363.5822363;454.1895600;452.2795400;249.4273800;68.6355386
45363.5822947;449.5156100;449.9960000;249.3042300;68.9503237
45363.5823520;445.7821200;448.0746600;249.6239000;69.0206210
45363.5824105;441.1521700;443.4012600;249.9982900;69.1726836
45363.5824678;438.3101200;437.7094900;250.0952600;69.5326273
45363.5825262;436.5022000;433.3236200;250.4777900;69.7182231
45363.5825835;434.3586100;427.0940200;250.7097200;69.9305320
45363.5826420;431.7608500;423.4515500;250.7333200;70.1921467
45363.5826992;428.9510900;420.7069100;250.8348000;70.4501029
45363.5827577;426.5156000;416.3207800;251.0027900;70.6966228
45363.5828150;424.6236800;412.3374600;251.2360000;70.8481904
45363.5828734;422.2341400;409.5652500;251.1347300;71.0523646
45363.5829307;419.6290900;406.9074800;251.2832000;71.3095540
45363.5829892;416.7304200;405.0724000;251.2615300;71.4544570
45363.5830465;412.4536600;402.9692900;251.6168200;71.6156852
45363.5831049;409.0475000;401.5134000;251.8399700;71.9458212
45363.5831622;405.2204100;399.6175800;251.8906100;72.1461899
45363.5832207;401.9190900;396.8940200;251.9749200;72.4004510
45363.5832780;399.6587800;395.9224200;252.3106900;72.7526459
45363.5833364;396.3373300;393.3610700;252.5423900;73.0866026
45363.5833937;393.4572600;389.3541700;252.8234500;73.5279594
45363.5834522;389.2252000;386.8437100;253.2842900;73.9611263
45363.5835094;385.5243000;383.4526000;253.2905100;74.3948314
45363.5835679;382.9527000;380.5701100;253.6492300;74.6807614
45363.5836252;381.0637000;376.5873000;253.7251800;74.8008947
45363.5836836;379.8958700;371.8995700;253.7593000;74.8587151
45363.5837409;378.3551600;367.4544800;253.9708400;74.9662304
45363.5837994;375.0051600;363.3008700;254.0860500;75.0574473
45363.5838567;371.3387800;359.8135800;254.1120100;75.2297108
45363.5839151;370.1212400;356.7652500;254.3486500;75.4190999
45363.5839724;367.9432600;355.3640200;254.2860000;75.6079564
45363.5840309;366.0243300;354.2644800;254.2094100;75.7239252
45363.5840882;363.8686500;352.6043000;254.5256500;75.9765700
45363.5841466;360.3463000;350.3018400;254.6234800;76.2310655
45363.5842039;357.2139200;348.6966900;254.4226700;76.3274359
45363.5842624;354.9220000;347.4409000;254.6700400;76.4648556
45363.5843197;352.6962800;346.7331400;254.6419400;76.7629767
45363.5843781;348.3670000;346.2933300;255.0171800;77.5630112
45363.5844354;345.5742300;344.4663000;255.1122200;78.2005171
45363.5844939;343.9491100;343.4302000;255.6108200;78.3223224
45363.5845512;340.9628300;341.1072800;255.8292300;78.3592353
45363.5846096;337.6165000;337.3313800;256.2046800;78.4805509
45363.5846669;335.3400100;332.8297200;256.4419700;78.7428766
45363.5847254;333.4768600;328.6879900;256.6460000;79.0058505
45363.5847827;332.5710300;325.3446900;256.5917200;79.1533542
45363.5848411;331.8009900;321.7637700;256.6629500;79.2618883
45363.5848984;330.2920600;319.4090800;256.5724100;79.4649133
45363.5849569;327.5215100;317.5270600;256.4900300;79.6633744
45363.5850142;324.9330000;316.1880100;253.2385900;79.7280220
45363.5850726;323.9202400;315.7908400;255.2087600;79.7056588
45363.5851299;322.2345700;314.9233800;255.6277700;79.8779729
45363.5851883;319.5833500;314.0158300;255.9440100;80.1986538
45363.5852456;316.3226800;313.1172500;255.9459400;80.8543197
45363.5853041;313.5561800;312.2517300;256.0783200;81.3445547
45363.5853614;310.5026900;310.6450700;256.3729900;81.3556129
45363.5854198;307.9592300;308.4090600;256.7472700;81.4361756
45363.5854771;306.4718800;306.6139400;256.6762500;81.6806954
45363.5855356;305.1439700;303.0396200;256.9950700;81.9727398
45363.5855929;303.5021500;299.9328100;257.5567500;82.3111454
45363.5856513;301.2597700;297.7692800;257.5902200;82.6004823
45363.5857086;299.9896000;296.7234800;257.5919300;82.7661722
45363.5857671;299.5408500;294.6190700;257.8122700;82.7669139
45363.5858244;298.4383600;290.4785900;257.8805000;82.7920762
45363.5858828;296.3137400;287.4594400;257.9817600;82.9714698
45363.5859401;294.9370600;285.7937700;257.8118400;83.1776009
45363.5859986;294.1064700;284.8881800;257.9384200;83.2866950
45363.5860559;293.6738700;284.2389100;257.7298900;83.3710219
45363.5861143;291.6787600;283.1588600;257.8219300;83.3023930
45363.5861716;289.3956200;282.4122000;257.9272700;83.4114213
45363.5862301;287.5476900;281.7780100;0.5276450;83.7015723
45363.5862873;285.3279100;281.8877400;0.5275380;84.0374422
45363.5863458;283.1011400;280.5515000;0.5286550;84.3408454
45363.5864031;281.5277000;279.6449500;0.5285690;84.8858410
45363.5864615;280.2832800;278.2758600;0.5238650;85.2150954
45363.5865188;278.8190600;275.0894700;0.5272800;85.3654138
45363.5865773;276.5981400;272.8758500;0.5255190;85.6190229
45363.5866346;274.6396300;271.6429600;0.5231350;85.8756103
45363.5866930;273.3848900;270.2817300;0.5253690;86.0372836
45363.5867503;272.1277200;268.0222400;0.5237800;86.1762987
45363.5868088;271.8055900;265.2413100;0.5258410;86.2488464
45363.5868661;270.8499400;261.7504500;0.5229210;86.2656573
45363.5869245;269.9774500;258.4913600;0.5263140;86.3589100
45363.5869818;269.4053100;257.7403200;0.5263350;86.4713368
45363.5870403;268.0862700;257.5968700;0.5227270;86.6481563
45363.5870976;267.5465400;257.5900900;0.5269370;86.6640839
45363.5871560;266.3227500;257.5262200;0.5248320;86.5419126
45363.5872133;265.3937800;257.5227800;0.5260770;86.6093837
45363.5872718;263.1586800;257.7237300;0.5241230;86.9423435
45363.5873291;261.0689600;258.2532500;0.5209230;87.1682297
45363.5873875;259.7347000;258.4033800;0.5194630;87.4344327
45363.5874448;258.0097400;256.8717800;0.5204940;87.7937543
45363.5875032;256.7349800;253.2439600;0.5204510;88.1141003
45363.5875605;255.4583500;251.0697200;0.5208800;88.3752499
45363.5876190;253.4544100;250.1995700;0.5210740;88.7122112
45363.5876763;251.8431500;248.2660600;0.5218040;88.9560142
45363.5877347;251.6734800;245.9587600;0.5209230;89.1038061
45363.5877920;251.3390300;242.2497400;0.5207730;89.1108874
45363.5878505;250.7671000;240.1485400;0.5200640;89.0920139
45363.5879078;250.1727600;239.1197500;0.5203010;89.0337725
45363.5879662;249.2536900;239.0317700;0.5206440;89.0468473
45363.5880235;247.3371900;238.7323900;0.5201290;89.3276964
45363.5880819;247.1515800;237.9952300;0.5221040;89.3351880
45363.5881392;245.8441000;238.5077400;0.5180030;89.6666969
45363.5881977;243.9213400;238.2026500;0.5217180;89.5297196
45363.5882550;242.1318700;238.5616900;0.5186250;89.7593424
45363.5883134;241.0574100;238.5769900;0.5196990;90.1329874
45363.5883707;239.7908800;237.9976000;0.5165420;90.3992834
45363.5884292;237.8143500;237.2195300;0.5195920;90.6689870
45363.5884865;236.4263100;236.3659600;0.5162420;90.8471532
45363.5885449;235.3187200;234.4314900;0.5152970;90.9344014
45363.5886022;234.5443000;232.0302800;0.5161990;91.2248302
45363.5886607;234.2012200;230.8420000;0.5164990;91.4816275
45363.5887180;233.8659700;229.2103400;0.5108940;91.6307229
45363.5887764;233.4662000;226.3731900;0.5114100;91.7185583
45363.5888337;233.3414500;223.8191600;0.5116460;91.6307993
45363.5888922;231.9142300;222.9046400;0.5107220;91.6028599
45363.5889495;230.8586400;222.6876400;0.5127200;91.7927239
45363.5890079;230.6611400;222.7729400;0.5111090;91.9226108
45363.5890652;230.4730400;222.4371500;0.5142010;91.9586130
45363.5891236;229.8892300;222.8072900;0.5152750;91.9592354
45363.5891809;228.6674100;222.9200400;0.5144810;91.7476130
45363.5892394;227.0906400;223.5791200;0.5108730;92.3321081
45363.5892967;225.2495900;223.6807800;0.5080160;92.8480025
45363.5893551;223.2436600;223.5121300;0.5106150;92.8991764
45363.5894124;221.7964300;221.2746200;0.5103790;93.1022885
45363.5894709;220.8659000;219.9364900;0.5101860;93.3637542
45363.5895282;220.3845300;218.5712800;0.5060410;93.4955900
45363.5895866;220.0832100;217.1190500;0.5069430;93.6575789
45363.5896439;220.0574700;215.1384900;0.5062130;93.8843343
45363.5897024;220.1045700;213.6028000;0.5045160;94.0684933
45363.5897597;219.8932200;212.2397400;0.5059760;94.1934925
45363.5898181;219.1062000;210.1511600;0.5055470;94.3202077
45363.5898754;219.1045300;207.8839100;0.5096060;94.1026752
45363.5899339;217.9956800;207.9528300;0.5092190;94.1428546
45363.5899911;216.9950100;208.6022100;0.5050740;94.2199788
45363.5900496;216.8414000;209.1506900;0.5039580;94.0916447
45363.5901069;217.3387100;209.6267900;0.5092410;93.9361579
45363.5901653;216.9657300;210.0209600;0.5058690;93.9525679
45363.5902226;214.9319800;209.9563400;0.5072860;93.7785888
45363.5902811;213.9217200;210.5008300;0.5080590;94.1014584
45363.5903384;213.1393800;210.6387900;0.5034640;94.5904719
45363.5903968;211.5329100;210.7906300;0.5049240;94.8278048
45363.5904541;210.2905700;210.3555600;0.5080160;95.1273681
45363.5905143;209.6181700;209.6932400;0.5022820;95.2173178
45363.5905745;208.5342300;209.2207900;0.5070500;95.4242328
45363.5906289;208.6523000;208.6951500;0.5033990;95.4142074
45363.5906891;208.5666400;208.1412900;0.5028620;95.4167724
45363.5907435;208.2175200;206.9137100;0.5005000;95.7397367
45363.5908037;207.2308200;205.1002800;0.5016380;96.0809459
45363.5908639;207.0224900;204.3733600;0.5052460;95.9436360
45363.5909183;206.9507900;203.4541000;0.5050740;95.9719417
45363.5909785;206.9331800;202.1684700;0.5049670;96.0345131
45363.5910329;206.8138500;200.4292400;0.4983950;95.9640942
45363.5910931;206.7874900;199.0490200;0.5053540;95.9119905
45363.5911533;206.9724700;199.4999700;0.5053320;95.8510085
45363.5912077;206.4778600;199.3948600;0.5013810;95.8251116
45363.5912678;205.9212500;198.8375100;0.5008440;95.7878338
45363.5913222;204.8848400;199.2797400;0.5019390;95.6912602
45363.5913824;204.3531300;199.4540900;0.5044730;95.6460997
45363.5914426;203.2312600;200.2996900;0.5029700;95.8321870
45363.5914970;201.8462500;200.4825500;0.5007790;96.0069088
45363.5915572;201.1992800;199.8994000;0.5045800;96.3191558
45363.5916116;201.3680100;198.4150400;0.5026910;96.6109367
45363.5916718;201.8938800;196.1165700;0.5028410;96.8661567
45363.5917320;200.8606900;195.2246600;0.5001780;96.9933572
45363.5917864;200.0015500;194.3328600;0.5021750;97.1709407
45363.5918466;199.6725400;194.1907100;0.5002210;97.2320297
45363.5919010;199.5558200;194.1795100;0.5014230;97.2458263
45363.5919612;199.4578600;194.1355700;0.4999420;97.2377907
45363.5920214;199.4440000;194.1940500;0.4998770;97.2260687
45363.5920758;199.7489300;194.3178900;0.4987390;97.2078402
45363.5921359;199.8433500;194.7314300;0.4996200;97.1466611
45363.5921903;200.0654300;194.8860800;0.5301790;97.0963140
45363.5922505;200.4251800;195.3920100;0.5274090;96.9991974
45363.5923107;200.9855400;195.7983300;0.5243160;96.9164517
45363.5923651;201.4189700;196.1924900;0.5306730;96.8501594
45363.5924253;201.8441700;196.5531500;0.5296850;96.7631997
45363.5924797;202.3647200;197.0613500;0.5261200;96.6510794
45363.5925399;203.0442000;197.5104200;0.5258410;96.5730870
45363.5926001;203.6006000;198.2517800;0.5218680;96.4426719
45363.5926545;204.2001500;198.7799000;0.5284180;96.3406972
45363.5927147;204.8290800;199.4878000;0.5252180;96.2156709
45363.5927691;205.5728600;200.1640000;0.5221900;96.0755591
45363.5928293;206.3034100;200.8998600;0.5292130;95.9331975
45363.5928895;208.7599600;201.6741600;0.5222980;95.7133156
45363.5929427;216.7818900;211.5402800;0.5200430;93.4225195
45363.5930000;229.8320100;228.7002000;0.5232430;90.9027226
45363.5930585;240.6534700;237.4817600;0.5180030;89.9648335
45363.5931157;244.5389200;239.7992900;0.5211810;89.6087956
45363.5931742;246.1692500;240.6231400;0.5204940;89.4434312
45363.5932315;247.1229200;241.2039400;0.5233070;89.3360350
45363.5932899;247.8883800;241.8270500;0.5194420;89.2309923
45363.5933472;248.4681200;242.4038400;0.5259700;89.1462281
45363.5934057;249.1143600;242.9469400;0.5216320;89.0497645
45363.5934630;249.7305800;243.5381700;0.5243160;88.9716091
45363.5935214;250.6238000;244.1275600;0.5219760;88.8431746
45363.5935787;251.2073000;244.9234100;0.5240160;88.7087469
45363.5936372;251.9648700;245.6283600;0.5241020;88.6119845
45363.5936945;252.3554700;246.4052500;0.5230490;88.4951367
45363.5937529;253.1225900;247.0703600;0.5230920;88.4007936
45363.5938102;256.6603700;250.1379700;0.5232000;87.8789024
45363.5938686;258.2606900;252.5257600;0.5185400;87.6325067
45363.5939260;259.4200800;253.6207700;0.5229210;87.4841789
45363.5939844;260.3402900;254.5142900;0.5201500;87.3571920
45363.5940417;261.1745300;255.3297400;0.5195060;87.2446762
45363.5941001;262.0507700;256.1624100;0.5222760;87.1269633
45363.5941575;262.9293100;256.9713900;0.5210090;87.0077220
45363.5942159;263.8591100;257.8236700;0.5225980;86.8902520
45363.5942732;264.7209700;258.7486400;0.5201930;86.7660994
45363.5943316;265.8291900;259.8440800;0.5210520;86.6193514
45363.5943889;266.6946900;260.7528900;0.5200640;86.4948535
45363.5944474;267.5151700;261.6957400;0.5217820;86.3759920
45363.5945047;268.5451300;262.6321400;0.5211170;86.2459625
45363.5945631;269.7123300;263.6602800;0.5207300;86.1027240
45363.5946204;270.6988300;264.7565800;0.5200640;85.9650145
45363.5946789;271.6509300;265.7911800;0.5210950;85.8362027
45363.5947362;272.6205500;266.8294400;0.5207520;85.7012965
45363.5947946;273.6747100;267.8894500;0.5203650;85.5578692
45363.5948519;275.0848400;269.1031400;0.5210950;85.3949164
45363.5949104;279.3411700;273.8967800;0.5204940;84.7249034
45363.5949677;281.4666300;275.9624200;0.5202580;84.5228949
45363.5950261;282.9839000;277.3128800;0.5208590;84.3611666
45363.5950834;284.1859300;278.4316900;0.5205580;84.2147103
45363.5951418;285.2609000;279.4968700;0.5197850;84.0838919
45363.5951991;286.4152900;280.5908100;0.5204720;83.9386851
45363.5952576;287.7139100;281.6212100;0.5206230;83.8152736
45363.5953149;288.8103500;282.7820200;0.5208160;83.6728938
45363.5953733;290.0490500;284.1331500;0.5202790;83.5080344
45363.5954306;291.1269400;285.2591800;0.5197420;83.3700703
45363.5954891;292.2186900;286.4541300;0.5212880;83.2204680
45363.5955464;293.3925700;287.5878100;0.5207300;83.0885245
45363.5956048;294.6384800;288.7339800;0.5205150;82.9478118
45363.5956621;295.7998500;289.9254800;0.5202360;82.8118916
45363.5957206;297.0394900;291.2113200;0.5197850;82.6590502
45363.5957779;298.3074700;292.4171500;0.5207520;82.5106927
45363.5958363;299.4641500;293.5638600;0.5221260;82.3761191
45363.5958936;303.4233700;298.3822600;0.5208160;81.6016336
45363.5959521;312.6051200;309.6427800;0.5201720;80.3877432
45363.5960094;318.6398900;314.3539900;0.5180890;80.0154404
45363.5960678;321.4659800;316.3729200;0.5203220;79.8254178
45363.5961251;323.1656200;317.5919900;0.5178090;79.6832611
45363.5961836;324.5868000;318.7012200;0.5177450;79.5574609
45363.5962408;325.8974300;319.8784000;0.5184970;79.4320683
45363.5962993;327.8356200;321.1582200;0.5212450;79.2555323
45363.5963566;332.2125300;327.5314900;0.5184750;78.5177718
45363.5964150;336.3886400;331.1044900;0.5202580;78.2538058
45363.5964723;338.2916000;332.6457800;0.5201930;78.1097560
45363.5965308;339.7046500;333.8291000;0.5222550;77.9870245
45363.5965881;341.1214500;335.0094100;0.5184540;77.8677013
45363.5966465;344.7528100;339.8263900;0.5167360;77.1977137
45363.5967038;351.6792500;349.0219200;0.5189050;76.2919150
45363.5967623;358.3114000;354.2556500;0.5195700;75.9550589
45363.5968196;361.3766700;356.2928600;0.5171870;75.7926674
45363.5968780;363.2743200;357.5644300;0.5226840;75.6777554
45363.5969353;364.6606800;358.7177100;0.5160700;75.5742389
45363.5969938;366.0323600;359.9990300;254.6406500;75.4503312
45363.5970511;367.1882200;361.1201000;254.6344300;75.3428362
45363.5971095;368.3657400;362.2923300;254.5481800;75.2399236
45363.5971668;369.4480100;363.3609600;254.4838200;75.1468555
45363.5972253;370.5151700;364.5499900;254.4295400;75.0382759
45363.5972826;371.6461100;365.6571700;254.3574500;74.9370057
45363.5973410;372.8106100;366.8417900;254.3143200;74.8283870
45363.5973983;374.0202300;368.0162000;254.2225000;74.7187668
45363.5974568;375.2591300;369.2550900;254.1512700;74.6107804
45363.5975141;376.6670700;370.6058700;254.1384000;74.4923415
45363.5975725;377.8332500;371.8431400;254.0549400;74.3831838
45363.5976298;378.9632500;373.0172000;253.9633300;74.2744636
45363.5976883;380.2265400;374.2636300;253.9242800;74.1605564
45363.5977455;383.6239400;378.0897500;253.3325700;73.5954887
45363.5978040;392.1751000;392.1883100;252.3722600;72.2721152
45363.5978613;403.5077400;401.9001200;252.0251300;71.6816260
45363.5979197;412.8660300;408.8522900;251.8183000;71.2078502
45363.5979770;416.2989700;411.5719900;251.7266900;71.0460134
45363.5980355;418.5299000;413.0095700;251.6584400;70.9281900
45363.5980928;419.9443400;414.2338100;251.6404200;70.8273457
45363.5981512;421.1902200;415.3473500;251.6166000;70.7350165
45363.5982085;422.3703500;416.4221100;251.5640400;70.6604315
45363.5982670;423.4780500;417.4761000;251.4621300;70.5732681
45363.5983243;424.6540100;418.5588300;251.4226500;70.4856961
45363.5983827;425.7646200;419.7375700;251.3359800;70.3952383
45363.5984400;426.8231300;420.9256300;251.2900600;70.3008698
45363.5984985;428.1738600;422.2038300;251.6955800;70.2117158
45363.5985558;429.2781200;423.4094400;251.6773500;70.1197234
45363.5986142;430.4081400;424.5338600;251.6307600;70.0345710
45363.5986715;431.4929100;425.6160500;251.5679000;69.9499927
45363.5987299;432.5844600;426.7146200;251.5078300;69.8695764
45363.5987872;433.7666700;427.9059100;251.4387400;69.7781274
45363.5988457;434.8900000;429.1244500;251.4213700;69.6926144
45363.5989030;436.1062900;430.2296200;251.3334000;69.6072671
45363.5989614;437.2596300;431.3976500;251.2928500;69.5194803
45363.5990187;438.4616400;432.6007900;251.2493000;69.4303677
45363.5990772;442.6782900;435.6816400;251.0057900;69.0983191
45363.5991345;450.2200000;442.5769800;250.5631800;68.6047693
45363.5991929;455.0092100;451.4571000;250.0105200;67.8982793
45363.5992502;462.8823600;463.5120000;249.1126400;66.8965258
45363.5993086;473.9954100;474.4614100;249.0720900;66.3518874
45363.5993659;480.9986400;477.9046500;248.9566700;66.2113045
45363.5994244;483.9599300;479.2634000;248.9369300;66.1338221
45363.5994817;488.4824400;480.6355100;248.6949200;66.0100713
45363.5995401;494.8182900;491.4563300;248.3814700;65.2161671
45363.5995974;499.2751400;495.3933800;248.2119800;65.0774910
45363.5996559;501.7958800;496.8317200;248.1707900;64.9929992
45363.5997132;503.3597500;497.9078800;248.1544800;64.9229777
45363.5997716;504.5788500;498.9699400;248.1143600;64.8564373
45363.5998289;505.6948900;500.0078800;248.0755300;64.7942591
45363.5998874;506.6823200;501.0066200;248.0409900;64.7304090
45363.5999447;507.6969600;502.0528400;247.9978700;64.6661517
45363.6000031;508.7474400;503.0585800;247.9577500;64.6041106
45363.6000604;509.7701000;504.1388900;247.9290000;64.5406550
45363.6001189;510.9053100;505.2531800;247.8592700;64.4702945
45363.6001762;511.8981600;506.2826100;247.8496100;64.4053659
45363.6002346;513.0840200;507.3129000;247.8049900;64.3418362
45363.6002919;514.0402200;508.3943400;247.7477100;64.2751623
45363.6003504;514.9221900;509.4251700;247.7380500;64.2101041
45363.6004077;515.3381100;510.0206000;247.7466300;64.1649086
45363.6004661;515.5608200;510.4698900;247.7522100;64.1579477
45363.6005234;515.7068300;510.5500200;247.7502800;64.1453078
45363.6005819;515.9345300;510.7407400;247.7610100;64.1102154
45363.6006392;516.2606200;511.1067800;247.7271100;64.0810382
45363.6006976;517.1757300;511.6971500;247.6837700;64.0368326
45363.6007549;518.0784400;512.4045800;247.6545900;63.9648320
45363.6008134;519.6144600;513.0234900;247.5134200;63.8588093
45363.6008707;520.5014300;514.0088000;247.4696500;63.7710841
45363.6009291;521.2908600;514.9589700;247.3896300;63.7358482
